1.269209921693006948e-01
1.909145836998019652e-01
1.036953489727311384e-01
1.969911098909842839e-01
1.081040681167275141e-01
1.115548075092122060e-01
1.353343471631456851e-01
1.593388747732822630e-01
2.058059991733019733e-01
1.495418161697881776e-01
7.174702186135840931e-02
1.104829415104588292e-01
2.426632218050731871e-01
1.611052115182682598e-01
1.765562576468304168e-01
1.941695028912749643e-01
1.959231817370345463e-01
2.040841518954505107e-01
1.528606750580643325e-01
1.483757425022869392e-01
1.973483287198414815e-01
2.441614822650950145e-01
2.203629005387358897e-01
1.514585706064597581e-01
1.939936476274573551e-01
2.098135860460735025e-01
2.835239705243347563e-01
1.557772891141708249e-01
1.088225900491107123e-01
2.636176557509843921e-01
2.099732278481187264e-01
2.777781831104182420e-01
2.251980553108704763e-01
2.532179980423638344e-01
1.764385635099766925e-01
2.346123624244133288e-01
1.270538622918537808e-01
3.135447678551455120e-01
2.749059736402769127e-01
2.525602243955651360e-01
2.615492809379668659e-01
2.658274116056251191e-01
2.852059131638784995e-01
3.950613243645519912e-01
4.291376480678191774e-01
3.711770308783344796e-01
2.865869771493833040e-01
3.435588287049557987e-01
3.987956339141903728e-01
3.386730667506634984e-01
3.457406823825232012e-01
3.567937531414103192e-01
4.731826136855748488e-01
3.703321782040431276e-01
3.620923373124632638e-01
3.554441689402134119e-01
3.910340428186451778e-01
3.758370299222029143e-01
3.764934490324435279e-01
3.725029533522535297e-01
4.052572310872165073e-01
4.051135936224566914e-01
4.103319867342309912e-01
4.498937988722379044e-01
5.927504395730799347e-01
4.385232224985787242e-01
4.971152295456857662e-01
4.189114855127860637e-01
5.168686611061513725e-01
4.954733989083510703e-01
4.291860772813206881e-01
6.548413285787170190e-01
4.598929583126588061e-01
5.253545754939775714e-01
4.163705687972776848e-01
5.084354873783833995e-01
5.729545740837913570e-01
5.506401508464240369e-01
6.048866471190836869e-01
5.367452540170547515e-01
6.644242816351126901e-01
5.045624423976445838e-01
6.901871905512196870e-01
7.324327688615747123e-01
6.219575926069949023e-01
6.143811401771895886e-01
7.072635163698399730e-01
5.271332519606828360e-01
6.681871332833639876e-01
9.688857485290109928e-01
6.524313469416436195e-01
7.541177365617438566e-01
8.134789093907921487e-01
5.705884357325918810e-01
8.856141569754946152e-01
7.789934420941879711e-01
9.011586643931271956e-01
9.543218222523704997e-01
8.800588125799247985e-01
8.279165306813889291e-01
7.414349046617618733e-01
1.005634370044189430e+00
1.167764052055249024e+00
8.849519602974772470e-01
8.615338777831507144e-01
7.273801156287441616e-01
1.185597548804455892e+00
1.316003239132289337e+00
8.213141945539570443e-01
8.065955081349222011e-01
1.207232425653391505e+00
1.298741464110671817e+00
8.666640398759830610e-01
1.008484185055589677e+00
1.158570576061834112e+00
6.355538375615787938e-01
7.411305621544668210e-01
7.561664190037372668e-01
1.238067088700339768e+00
9.173368811153506108e-01
8.521257431828002105e-01
7.901607239090291390e-01
8.532946496032306483e-01
1.023485166795623957e+00
1.230897012329253526e+00
8.891081470536738030e-01
1.337702101837865643e+00
1.015971720997251859e+00
9.241396093013863888e-01
7.992534429462931911e-01
9.170022644098533293e-01
1.709131955799081393e+00
8.318374610371206401e-01
1.632880481599737532e+00
1.283756979743975624e+00
8.883312244495784604e-01
1.172507136889167967e+00
9.619609977913969878e-01
9.870902280282320973e-01
1.147839981253915731e+00
1.063116105104235043e+00
2.096453159635411900e+00
1.327641135751873147e+00
1.617694046455771195e+00
1.526338810645880395e+00
1.246249995627719764e+00
1.143063566238742057e+00
1.201680864795461545e+00
9.994778190609872048e-01
2.400468105628804860e+00
1.626816326490176934e+00
1.202602285541578997e+00
1.960481401054879891e+00
2.934121382741967210e+00
1.363753637822381126e+00
2.499138168810785654e+00
1.759621071365985445e+00
2.950942375366574222e+00
2.222727080674035793e+00
1.279344134932138610e+00
1.509693564724695847e+00
1.792697129035886849e+00
1.004006173345000308e+00
2.326707914337266203e+00
2.095795154543484085e+00
2.911513019779111033e+00
1.172275170909429010e+00
1.335222828136384710e+00
1.310926121251167142e+00
1.280101009215630192e+00
2.316702620988175809e+00
1.282439975472305482e+00
2.380122932224321364e+00
2.682567389208266206e+00
3.295927342977498675e+00
4.172995456827995220e+00
1.090072358799567986e+00
1.370920241902850112e+00
1.322775367639709598e+00
1.374025572943728513e+00
1.404162244634930889e+00
1.832379318129486956e+00
1.457248084932021293e+00
1.434786175515767592e+00
3.439637310624819033e+00
1.403125506132988587e+00
2.215386161116180030e+00
1.307008317537233122e+00
1.347859477164429665e+00
1.410701763696407429e+00
3.089792226834471300e+00
2.631602985342709200e+00
1.400050448879859299e+00
2.372088597793275966e+00
4.073188297539623193e+00
1.733396827036105758e+00
2.415704745717983215e+00
4.572517606848229832e+00
1.547793193396761469e+00
4.250141798416044558e+00
1.421124740705632661e+00
1.721969415876545284e+00
3.897812693702133124e+00
3.102346992022656291e+00
2.109050682969977775e+00
4.272070827112702140e+00
2.091487692357691053e+00
3.963889531119132670e+00
2.499963203599333550e+00
4.433177164115523539e+00
1.713412373690246682e+00
2.626209785852757772e+00
1.838252041881871301e+00
1.660331714096026090e+00
3.494036409233296059e+00
2.224158744023938539e+00
4.082297114235588609e+00
2.134175062796209943e+00
5.596541701286513515e+00
1.712205302310944477e+00
1.676505127830024700e+00
3.616095450506098707e+00
1.860660743940883766e+00
1.651940286506499378e+00
3.433558999925118371e+00
2.665883708877736957e+00
3.241068494114577980e+00
4.309464433450682641e+00
1.543778940546419509e+00
1.597476398228347971e+00
3.797002390448410036e+00
2.987585696851592587e+00
1.766199376729568726e+00
1.908169347440720864e+00
1.579102662340337027e+00
2.656592051188824577e+00
2.631280211643863609e+00
4.905836827216472962e+00
2.221710910470862554e+00
1.568087038615246342e+00
4.628839564610871093e+00
6.835411147068959359e+00
2.585674288254031783e+00
2.889608786222931158e+00
5.878319588049644828e+00
1.585235676503628399e+00
4.918226480394190858e+00
2.120120267904006983e+00
9.344826533116615153e+00
1.667117778130427652e+01
8.266578669633734222e+00
1.781049038645682980e+00
3.209719642618213520e+00
3.882140537701138427e+00
5.996042094128346989e+00
4.633197601170078173e+00
3.329929040176653032e+00
2.217764224995350641e+00
2.836103604205221895e+00
5.266168219847163989e+00
2.997013499062951336e+00
2.789604001074575734e+00
3.968755879591589597e+00
1.183561190710458888e+01
2.928268713019180680e+00
2.118942376402179306e+00
2.236890439486307613e+00
2.987513380821951614e+00
2.557653230126366140e+00
5.394381418260912220e+00
2.167989524438888704e+00
3.737445939131593953e+00
2.126336762997997898e+00
3.914598673201878043e+00
2.996017168030460809e+00
1.841799283415445299e+00
5.071387939342730355e+00
2.549928909133145627e+00
3.106024459345798405e+00
5.966303787957138560e+00
3.256278198286091108e+00
9.230882224665103664e+00
1.178458305013790053e+01
8.719361267165322005e+00
5.569980512811864237e+00
3.987688863200747225e+00
8.630000068039340277e+00
3.380511512630570703e+00
7.907823628864050214e+00
3.656157127947751384e+00
4.497573680200488866e+00
1.181068446931237936e+01
2.383025668433428557e+00
3.023947458217759010e+00
3.953670484510106498e+00
2.861581288346520147e+00
4.906274498103523563e+00
4.810531242065433588e+00
5.969934051258015018e+00
6.973305409442370539e+00
1.338504589435690129e+01
2.662464018428569723e+00
6.280844974516061718e+00
3.995235634299996619e+00
9.373472186961222974e+00
2.401754292024088411e+00
1.966037737819260389e+00
4.347383242210842269e+00
2.429844351872659569e+00
3.806467613643851333e+00
6.460262720354091215e+00
3.298098886885858949e+00
5.134518071280751883e+00
6.041424965035441019e+00
4.011883844931697141e+00
6.961983145826007302e+00
3.588378230510630651e+00
6.152924525532502464e+00
3.017628332889335852e+00
8.838386244276930981e+00
2.991566934416273860e+00
2.673896381594077276e+00
2.478347436365024414e+00
3.232426424835066037e+00
5.487857321186073278e+00
2.112786051711499358e+00
2.597740636747383203e+00
7.303890294015796592e+00
5.822757797059143314e+00
4.390475176530027390e+00
4.363344637058832909e+00
3.996986105124904931e+00
5.619014651228394719e+00
9.957894016391355407e+00
5.117543095840921374e+00
3.141275647221816403e+00
9.963649084074555518e+00
4.197413634703599961e+00
5.143282288304423133e+00
1.369224058799976440e+01
3.471134143759770030e+00
3.356091564583579157e+00
4.889884192147786912e+00
3.317648694996977898e+00
2.616627207399657706e+00
2.176134401513640793e+00
6.418681254500532063e+00
5.401016656794038084e+00
5.736855997710694766e+00
2.896002254279335109e+00
4.538837212945961319e+00
8.915105979923557911e+00
4.266392521296886287e+00
1.206012424773323488e+01
1.180651528217670787e+01
7.514621034888318007e+00
1.060863042966798631e+01
4.287278897923324728e+00
1.474829605921351749e+01
8.417218210707321902e+00
1.002833325268694153e+01
4.142217282905469311e+00
1.036352570381412797e+01
5.655375622815608239e+00
1.168935482553903071e+01
7.812568510450766723e+00
1.022077177587912900e+01
5.050398307076140014e+00
7.356130578689563215e+00
3.802193586065576447e+00
4.532091378844307350e+00
5.214785921995913398e+00
2.705729763278718991e+01
1.350399836429477674e+01
5.656742214432678217e+00
7.994342740444397855e+00
3.737671334967748837e+00
4.002467898924998657e+00
5.199208972683332597e+00
6.991926745906613228e+00
1.187734130049617676e+01
7.864875334587318356e+00
4.284272469282976559e+00
5.775230269310849707e+00
3.922399035175573090e+00
1.539835918833837525e+01
8.562719988694430739e+00
1.063242512472578127e+01
1.013770637428606847e+01
8.286715477788467510e+00
1.423927688868393915e+01
8.825108193432212644e+00
8.798914459528083043e+00
5.007847498125554964e+00
7.199977644068718874e+00
6.380948148096371675e+00
4.153313516732173305e+00
4.423645017458965611e+01
3.821186590341264289e+00
5.505554757293666945e+00
7.602779460752778107e+00
7.146301926676041028e+00
7.040813903898984094e+00
1.182807712827324842e+01
6.394060767736098327e+00
5.079919236848358111e+00
5.178665964920482701e+00
6.537719083106109608e+00
1.172712556785447191e+01
1.439753642288284929e+01
7.469240345054111607e+00
1.045819041312913811e+01
9.459666532203156564e+00
5.328538363843677850e+00
7.415837454317417254e+00
8.274673060499328159e+00
9.636884037276075787e+00
1.920780505288565720e+01
9.331516891467881436e+00
7.644215493343116563e+00
9.765985470435628812e+00
9.738289745346143889e+00
6.280064912144323053e+00
9.978617742847792016e+00
2.958590928848427737e+01
1.171278063855037033e+01
8.031148567025701013e+00
4.903372045683175529e+00
3.812950743679420640e+01
6.336471225033291965e+00
1.500540456370819697e+01
1.025587820795806948e+01
7.594275501905873860e+00
2.153669516294936770e+01
8.783015973053025505e+00
9.428478634298398831e+00
6.260248350707682263e+00
5.730943891024301351e+00
1.287387758709955676e+01
5.709538187251530061e+00
9.019371364118445200e+00
1.252274983661613561e+01
7.427931616159875183e+00
4.185604647565213554e+00
5.841037952514111176e+00
8.755344527318753123e+00
5.350189147177082383e+00
4.872464116643823395e+00
1.144785313035756324e+01
5.186077021801831499e+00
1.071042700100098877e+01
6.100016714819544106e+00
8.931513739419273179e+00
7.530638533423043235e+00
2.087896989240748624e+01
2.326179350476182961e+01
7.510751076631163592e+00
6.112282630788332227e+00
1.386720478729780126e+01
1.357134804046168064e+01
3.389506813521366269e+01
8.946049302520362900e+00
5.566960169711342665e+00
6.024749249955147157e+00
8.093061623599671961e+00
1.407016624506412583e+01
1.039354820285137571e+01
8.083503357778685228e+00
2.496496045873281133e+01
8.639600184137385952e+00
1.982789497208600338e+01
1.685738978093671392e+01
2.141340025629067156e+01
1.361661765873753005e+01
1.382268857597582468e+01
4.049477861480769825e+00
7.593074157927423684e+00
1.096992499182351821e+01
7.520734435988952526e+00
8.968820656995090346e+00
9.056499712933755220e+00
1.029941589358823606e+01
1.021678186796460430e+01
4.378764173751656941e+00
6.353528600659926084e+00
1.120587327725817062e+01
2.399008026129817850e+01
2.111496248737756076e+01
1.258823348436096801e+01
1.068348739977554906e+01
8.181264982326135637e+00
6.525884056214847462e+00
9.151171221515486565e+00
1.462422823534425476e+01
1.327187492037311678e+01
9.456421367853096172e+00
1.627012680032566649e+01
1.060786002949963525e+01
1.178057671169992915e+01
1.102796795472455038e+01
1.310277362055021300e+01
8.272495402702398692e+00
1.143713269591787984e+01
1.845157349728822993e+01
1.304338915037820712e+01
1.147642640792543745e+01
7.285743189456020730e+00
2.056974806140538092e+01
1.839959480618795951e+01
2.175500092032029187e+01
1.526328351959267771e+01
1.323771491163990532e+01
1.073800590439969227e+01
9.359001829624210345e+00
8.497929921569722822e+00
9.046442188426318864e+00
1.094461590292418407e+01
1.542490805888464500e+01
2.400307582343258517e+01
1.096063562258146007e+01
7.327449105877872348e+00
1.550496612918093930e+01
1.167943767366099550e+01
7.117337690432180786e+00
9.504400767006693229e+00
9.968292830485273370e+00
7.623699371481641229e+00
1.736832591671981163e+01
1.553038678417919272e+01
1.109122994130902029e+01
2.317160044657745388e+01
1.455865397248406268e+01
2.241485931056038439e+01
1.532179899135356038e+01
1.997300242725464159e+01
1.894137482525673732e+01
1.770137339652242758e+01
8.604406638967978083e+00
8.567279031707514036e+00
1.434033421189250745e+01
2.247586465838949721e+01
1.067315302576889025e+01
8.874071701374301568e+00
1.453515238067339155e+01
2.085868530147773825e+01
2.683341784499655347e+01
1.784067184895355496e+01
1.995687734626899967e+01
1.581229641259046836e+01
1.784589984265593898e+01
1.570928382101487486e+01
8.209838415551445223e+00
8.051801600432799688e+00
1.366351830299928238e+01
1.381862697857165578e+01
1.226599774987880842e+01
1.572355672989536934e+01
3.948870007526614501e+01
1.025945691901448775e+01
8.714877554977885410e+00
1.460402439626135163e+01
1.082269426432120163e+01
1.268835100746242972e+01
5.157268857025245978e+01
1.750093063942675897e+01
1.545337864874344191e+01
1.463566899902354734e+01
8.778808740290971357e+00
1.417599517809740028e+01
1.242561641089783819e+01
1.077349383446156494e+01
1.466576118230748094e+01
2.079937325651950530e+01
1.173186400670372542e+01
2.673451500845744988e+01
1.079384637946095005e+01
1.870762395716459991e+01
1.213360897783746317e+01
1.712341135178968443e+01
2.038005541502373674e+01
1.695952563316800621e+01
1.849059291456273968e+01
3.284670299695437734e+01
1.706538470512315797e+01
3.197618164869092539e+01
1.668530750350750225e+01
1.573148512574343982e+01
2.980676888638681277e+01
1.114583018758637678e+01
1.420240013862875905e+01
1.223269277483556472e+01
9.136490642913484450e+00
1.539426917098301750e+01
1.549454903085064572e+01
1.825227643220027574e+01
1.255058549395598888e+01
1.247777172124558653e+01
9.625511352565640166e+00
1.937641631601822212e+01
1.348306122399845641e+01
1.303326607227399592e+01
7.440075459389932533e+00
1.175928159649442328e+01
1.809817717332424181e+01
2.983143980881191126e+01
1.215267276997886725e+01
1.216186818673823566e+01
1.628205585199188477e+01
2.010980593220894264e+01
1.293999375227234161e+01
1.265944906478430454e+01
1.369500352715452252e+01
3.255530154087052352e+01
2.081169894942240717e+01
1.241522790753152705e+01
9.739176677326421228e+00
2.524567170310652386e+01
2.801826650003977903e+01
1.713435392765162746e+01
2.266726303125236441e+01
2.839028761835633574e+01
1.174769313234803469e+01
1.655890511998086367e+01
1.886783980822928086e+01
1.453932741472969070e+01
2.633468433321466406e+01
1.285295923563132270e+01
1.752023619624134199e+01
1.020132939172010822e+01
1.150640660187310615e+01
1.827113907914880642e+01
2.104409997237832641e+01
2.714586333205981106e+01
1.495184536996650593e+01
1.966538381577171180e+01
2.755596029914845602e+01
1.095633574264585341e+01
3.725658493557343576e+01
1.857260509577874430e+01
2.789183677335682887e+01
2.203452115801593436e+01
2.703463247465992225e+01
2.394364525055224391e+01
2.582694022767202213e+01
3.471812300369392545e+01
2.470020400899667123e+01
1.545598935329120849e+01
1.987971393079411087e+01
1.714707901632217357e+01
1.621302020000111099e+01
2.238023402567121067e+01
2.328304918673315882e+01
2.952283898383265281e+01
1.312902414629437331e+01
2.283038215424843997e+01
1.590702274143301764e+01
2.096777814041208643e+01
1.710452864999630407e+01
2.467121675636329314e+01
2.645644490070465338e+01
3.072138780478769604e+01
1.653664458003474991e+01
2.563877459538369408e+01
1.961323973163246137e+01
1.815654984279481354e+01
1.532640689474783180e+01
3.132783949655066280e+01
1.395387985400030217e+01
1.367598363422395735e+01
2.427791523108637151e+01
2.536367731296756034e+01
1.573936515319114271e+01
2.302405923754175632e+01
4.428223356125197085e+01
2.677664418648675237e+01
2.275155067122908292e+01
1.919661774241115637e+01
1.463459589318675036e+01
2.289874247524629070e+01
2.935645642683942569e+01
3.165901698770074191e+01
2.852889389064909054e+01
2.039499305811279939e+01
2.765720055854065862e+01
2.244428327586264160e+01
1.611395266996725084e+01
2.399171703970573688e+01
2.651673201440464922e+01
2.298257432383553933e+01
1.817851267799096249e+01
1.720751429004068811e+01
2.061466119493612581e+01
4.555039387571790854e+01
1.845153327505380147e+01
3.225772941714768649e+01
2.370804591079141588e+01
1.728535504223769692e+01
2.388056912042177871e+01
3.395377849982737217e+01
2.677352847864245788e+01
2.632004263085840989e+01
3.025561125704686205e+01
1.819668162165481817e+01
2.792952595855395259e+01
2.770262335693954370e+01
3.177654912174155299e+01
3.794049198683253366e+01
2.826011758685634589e+01
1.704074500011778426e+01
2.720331449326804574e+01
2.746419561666599307e+01
2.871368455702425138e+01
2.576993801640103854e+01
2.248950884170918485e+01
3.158852990567118013e+01
1.857582578565327580e+01
1.669225808474540429e+01
3.232239768801922253e+01
3.438416333920564227e+01
4.909149870504587909e+01
1.980152084026749648e+01
2.052052238607318557e+01
2.586710526687112122e+01
2.939419901881871056e+01
2.159871801167946970e+01
2.010482179242273304e+01
4.065463931659074603e+01
4.027897783341579441e+01
2.139662785831275116e+01
2.482129647302153685e+01
3.996922582236822308e+01
1.810142632790908834e+01
1.636079577372948890e+01
2.784453222248316706e+01
2.420567924419813011e+01
3.103908460768576560e+01
1.922545552252401535e+01
2.239899742333233945e+01
1.881213192893590858e+01
4.482569800121064674e+01
1.976551792337970781e+01
2.867316473972109137e+01
1.965553203663740689e+01
2.885312022336775328e+01
2.783368736703767254e+01
2.536020257509442999e+01
1.847525689473174637e+01
1.560174515275938845e+01
2.386718123271296221e+01
2.443374366740989245e+01
2.263576535756118346e+01
3.426264068158909026e+01
4.571963136187314802e+01
1.767372037030853704e+01
2.797183806681928431e+01
2.700902738769850586e+01
2.779014758388967365e+01
2.468069886271866054e+01
1.914167888113991012e+01
2.550263922112920056e+01
3.201351793248370114e+01
2.434827982179624328e+01
2.930327768827304524e+01
1.779073538463193671e+01
2.417068322293858174e+01
2.169879602629616144e+01
2.874732330608756925e+01
4.358972253565517718e+01
2.178445372985016704e+01
3.987588547365072600e+01
2.626827369893972985e+01
3.770331090283659137e+01
2.247548062743799946e+01
2.502914908334478739e+01
2.446995764301262355e+01
2.756658789407474330e+01
3.322910132256846083e+01
2.461514951898892889e+01
2.908801462332685261e+01
2.676985224075943393e+01
3.039827654369375054e+01
3.265120797374578387e+01
2.084075458428798200e+01
2.837189420858729250e+01
6.526718519391084783e+01
2.980027953946309438e+01
2.949135101162259076e+01
4.346773651335297473e+01
4.050475913863944299e+01
2.442492687014906494e+01
2.006107678173989228e+01
1.803174341657102531e+01
5.117082278850936916e+01
3.168843740229691974e+01
2.523501234734607834e+01
2.188551180307792876e+01
3.248083597664766842e+01
2.254577098053481876e+01
2.036770227945547873e+01
2.556414244789019108e+01
3.099207212470420814e+01
2.895161141771287561e+01
2.088321792669587751e+01
2.332387034735283748e+01
2.034160759952312603e+01
3.425955642068757356e+01
1.859813254789272108e+01
3.607854952794722436e+01
2.012212500847959973e+01
3.385038173805257600e+01
2.497093098367685471e+01
3.651408482884454543e+01
2.096380767468595607e+01
4.984837379938580426e+01
3.516680351288000850e+01
3.902756517193203933e+01
4.021599717183738676e+01
2.793145599860169881e+01
3.603157740516756746e+01
2.989356917712281358e+01
2.929680052449004535e+01
2.665270966259332752e+01
2.500339075496151509e+01
4.057629776395523891e+01
4.202587114386900424e+01
3.112803853538827070e+01
3.639980706102125652e+01
2.428905881114756937e+01
3.011378546708245807e+01
2.714797922073070779e+01
3.061615364629154001e+01
3.545574795836861171e+01
3.215100800646118273e+01
3.266793499731546291e+01
2.865887391798749562e+01
4.175595569003371565e+01
2.400775645993542895e+01
3.426753234307204821e+01
2.800558874611228433e+01
2.680788698566962580e+01
2.751112183746457163e+01
4.519942506701195128e+01
5.235419159167049230e+01
3.497002728582963016e+01
2.434243876909458493e+01
5.653454159509657728e+01
2.909521927466347790e+01
2.341198937089900767e+01
2.337158729761215170e+01
3.868503967762318041e+01
3.252859258387219654e+01
2.791989346361358670e+01
3.812550376856577827e+01
4.753088268705620578e+01
3.229858824115845550e+01
3.978463619269062690e+01
3.703341850868237373e+01
3.065704856835493786e+01
4.594782401954887519e+01
4.810419952275167788e+01
2.504059671562919576e+01
6.895704546413794844e+01
2.885456631855700493e+01
4.279472270497483777e+01
4.595055168650889499e+01
4.044723891167804197e+01
4.643059756492461077e+01
3.040792344055781271e+01
3.519301991408171659e+01
2.578574144872703044e+01
2.940832072049154178e+01
3.436933985239772937e+01
3.437246298371128717e+01
3.141177727999264491e+01
3.227831291882040432e+01
3.293715935151026741e+01
3.954674346159810483e+01
3.610887102037480645e+01
3.617444652862758403e+01
2.642256178617182627e+01
2.786316048942445178e+01
2.897760598889003703e+01
4.578615606684852679e+01
3.273843900983595745e+01
4.537793173480052644e+01
2.718768314076546133e+01
2.767520567251119701e+01
3.090525081005734975e+01
3.447208415141417959e+01
3.467963981275362073e+01
3.863923385081901074e+01
4.456569078695664388e+01
4.681898319987233492e+01
4.449924749760061360e+01
3.022899833756269317e+01
3.998202066339958094e+01
2.184934939412978139e+01
3.775042055320193413e+01
2.718179513465125297e+01
2.554110337367832173e+01
4.398935257517059227e+01
3.105685353952844707e+01
3.771393153831834155e+01
2.665526279249157682e+01
4.254389451842784808e+01
3.846292983239079888e+01
3.338613999793965093e+01
3.227355470490451950e+01
3.185412355145283314e+01
3.875890289978276115e+01
2.403381251630213455e+01
9.027084590432730238e+01
3.944390499369207248e+01
7.764371296118574151e+01
3.208859976164790595e+01
2.748429235138148385e+01
3.463221762662753633e+01
5.531541506495312888e+01
3.052245461412690020e+01
5.882543191208051070e+01
4.411280109027984508e+01
3.671040799280947198e+01
5.159069345772767434e+01
1.050537037782839036e+02
3.786901346121057799e+01
3.086846783186166832e+01
3.174354343477936169e+01
3.468159612674076442e+01
3.780331834169414407e+01
5.190090538091375549e+01
3.395248086482627770e+01
3.600992242110071118e+01
3.414943059205186415e+01
4.173001005478695902e+01
3.791020908114610677e+01
5.062437488424134102e+01
5.105036590901679006e+01
3.605920023434676835e+01
3.304769760234194109e+01
3.420282433607373207e+01
3.566923816697773475e+01
2.952104753391624214e+01
3.615690282611022610e+01
4.350820146803066990e+01
3.820125302054284333e+01
4.207655752075195466e+01
4.554019816918093255e+01
3.753920207982773860e+01
3.368075142695634838e+01
2.816377978116195990e+01
3.937440316231734982e+01
2.995620188705398945e+01
3.747236860288502669e+01
3.569002306917197131e+01
6.621985776644702071e+01
4.601409017040386829e+01
3.233708692512063720e+01
4.706328229080415326e+01
3.438489580862734130e+01
3.149049950097986184e+01
5.749447004046276533e+01
4.006150217916276546e+01
3.742181267575359271e+01
4.687950866621788037e+01
5.539520306930759830e+01
6.371199764553986711e+01
5.749552797097986456e+01
4.467673615081060490e+01
4.298926161835112936e+01
3.572612861723601441e+01
3.482200239223461580e+01
4.120787510937312703e+01
4.674078850022951315e+01
4.121995874219470579e+01
4.836390952720759628e+01
4.044765372991206220e+01
3.561509873331564791e+01
4.119772994544048572e+01
4.147730678715979025e+01
3.762218325703264554e+01
3.557767312859622422e+01
3.513214651286099155e+01
8.072262473463942456e+01
3.508409159994589999e+01
4.003733580669582892e+01
3.307781177684501017e+01
4.306203203445321037e+01
4.103579391309241231e+01
3.990488842064120689e+01
3.916633341915513711e+01
3.330175879604016131e+01
4.535531379136291719e+01
3.508815508474575040e+01
3.882562145093766048e+01
4.493542186795480831e+01
5.818970517003989329e+01
3.654009840975250967e+01
4.279381322512450936e+01
4.764722276655581368e+01
6.300824436937096351e+01
