2.525017911823603800e-01
6.251740582077780495e-02
5.810387699470920264e-02
3.172581453364153870e-02
2.075314142800199768e-02
1.753224136819064860e-02
1.622342031401990958e-02
1.811269402654680505e-02
1.502075341944997255e-02
1.376477734143788378e-02
8.540109525954187042e-03
1.218672040443402604e-02
1.115289670863506277e-02
9.859084798051975795e-03
7.131607702471676191e-03
7.600125468812057861e-03
6.861239970252897002e-03
5.550686231160284478e-03
8.287528078406602994e-03
8.521028841560029932e-03
7.559089783425010367e-03
7.757261345484378623e-03
5.220010616821979532e-03
5.523007235985089025e-03
5.279660652238171714e-03
6.031306666227864710e-03
5.295867467916104410e-03
4.715659015041340218e-03
5.043518473062946761e-03
4.633235891188247635e-03
5.986934707124857979e-03
4.982324955169814551e-03
4.235338315498493600e-03
4.386240155121789996e-03
3.933520205980700624e-03
4.637125615435500059e-03
4.551943179434636555e-03
3.843438871988014149e-03
4.769419988795542409e-03
3.922120472365286936e-03
4.557305969062674933e-03
3.852172585435575947e-03
4.020219867084784404e-03
3.973381456863989136e-03
3.206079034976050401e-03
4.309468253937631665e-03
3.873516546718192011e-03
4.005781067677127716e-03
3.630419411352447945e-03
2.959830704342913954e-03
3.621038853785174538e-03
4.069938065733857968e-03
3.489783862794082481e-03
3.671501757420259082e-03
3.327667029325631631e-03
2.783310328321464411e-03
3.158524007159102531e-03
3.120707194942839990e-03
2.742409007007173827e-03
2.851724511749642588e-03
3.257567622501511551e-03
2.886644992667664056e-03
3.432815110451903351e-03
2.992830016462333376e-03
2.573936583359803798e-03
2.791151162255922635e-03
2.410406867196179803e-03
2.698752812029803216e-03
2.861823685724074195e-03
3.069846489350824825e-03
3.414731508251334091e-03
3.061124572598550309e-03
2.939039733359849471e-03
2.597837383627399355e-03
2.910586513179991286e-03
2.467077347851565072e-03
2.952251932745952878e-03
2.504962618374406702e-03
2.359213518519864827e-03
2.940614011799569383e-03
2.508727867882365459e-03
2.276097923504361020e-03
2.849738198125839617e-03
2.498226643074530351e-03
2.953640673879265321e-03
2.848316605849943173e-03
2.853286864192505767e-03
2.487442612748802517e-03
2.301055440942945118e-03
2.626461888593722982e-03
2.440333868477195800e-03
2.256019956748511746e-03
2.642878236600365582e-03
2.559092727631773201e-03
2.426265888735956722e-03
2.802035460985230486e-03
2.462322492254642725e-03
2.355662913539502412e-03
2.194899981816766932e-03
2.204029544069063817e-03
2.399540035119662740e-03
2.203445551406835179e-03
2.090051150654526069e-03
2.257682562735063847e-03
2.595705414006888034e-03
2.099759329484696124e-03
2.145774519960119697e-03
2.200898319085320409e-03
2.298040677494506134e-03
2.571030725240452952e-03
2.182040349410940827e-03
2.363152694193182413e-03
2.029499486792096796e-03
2.374969324738129828e-03
2.100786545636834646e-03
2.101884337848192175e-03
2.077455870805877680e-03
2.214687931800463083e-03
2.432238663941377332e-03
2.039551219232604851e-03
2.086066596588276312e-03
2.223408660427139694e-03
1.958587116365428926e-03
2.062646053959449333e-03
2.438717373401511068e-03
2.272992912690563472e-03
2.278705126187885455e-03
2.529492493193563618e-03
2.011000345273017409e-03
1.981381165658602228e-03
2.142158771501145864e-03
2.243069943302700153e-03
2.344772632732472495e-03
2.050303049811352807e-03
1.864020139379918284e-03
2.320881382420147965e-03
1.954752784353863682e-03
2.216445225212693160e-03
2.101919111253458539e-03
2.207314383860348173e-03
2.325973194697850133e-03
1.904650470055058165e-03
2.097547307578162545e-03
1.978662744607340152e-03
2.172298645617631863e-03
2.169779520432735254e-03
2.146373529237854960e-03
1.984583706443610041e-03
1.898199761831032006e-03
2.100130495980345735e-03
2.150834643319887718e-03
2.073307862813678071e-03
1.918296182568335340e-03
1.914400976624208717e-03
2.058474675361132711e-03
2.166299547947558857e-03
2.239458828763751796e-03
1.872117582249699375e-03
2.002305356451072882e-03
1.764058674158186513e-03
1.950594297343455352e-03
1.898750867531107112e-03
1.954543512048823040e-03
2.093447785686874951e-03
2.016721457807291173e-03
1.646704659055808762e-03
1.927359883573620536e-03
1.766801142077945030e-03
1.856373623122520300e-03
1.952824134085040519e-03
1.735035707895349333e-03
1.960097467904042823e-03
1.824028878063321812e-03
1.910540403300631240e-03
1.870349241203661528e-03
1.794175470727132904e-03
1.809784666493841065e-03
2.057794629235387696e-03
1.779682422825445975e-03
1.892916845995018527e-03
1.834352893896551429e-03
1.903809263302469468e-03
1.821346281693059233e-03
2.023985850720833035e-03
2.044582877846479185e-03
2.047627040758115413e-03
1.880075528261082596e-03
1.777891550459820280e-03
1.854731685438926192e-03
1.681958488324530876e-03
1.758265252972734949e-03
1.849510150915056883e-03
1.940580684226644870e-03
1.895225605269446056e-03
1.908490722157041297e-03
1.748503393000477857e-03
1.825467600578223326e-03
1.914651652679788540e-03
1.920486187120706845e-03
1.881533611182262256e-03
1.767221640368910052e-03
1.821562286887457027e-03
1.834991135516661487e-03
1.949802504774611478e-03
1.753803252792174305e-03
1.946001864197022257e-03
1.964934682283980827e-03
1.724337944859377636e-03
1.904108541504356822e-03
1.930894997726584350e-03
1.885392537505969912e-03
1.943567540994783904e-03
1.748195249456907518e-03
1.742771891030892029e-03
1.842748578680719618e-03
1.864425555849535954e-03
1.867013987740584469e-03
1.637967868406198235e-03
1.738653118379396290e-03
1.656072999132618406e-03
1.687457459306762608e-03
1.895186318111030666e-03
1.716035810296667741e-03
1.813837182156108341e-03
1.910401137454220688e-03
1.856805203888312050e-03
1.684180858074535436e-03
1.697255309495160347e-03
1.754341225179367747e-03
1.684189782822143044e-03
1.827183967030743261e-03
1.836712466555701084e-03
1.682674982458443047e-03
1.819150715303252674e-03
1.725578931611737588e-03
1.737198773669179630e-03
1.880184625334124782e-03
1.842946778209175740e-03
1.698062429957958308e-03
1.722125396928175789e-03
1.733599698125365407e-03
1.832545137362751042e-03
1.776101188226575367e-03
1.789300881332445137e-03
1.993881453541623827e-03
1.708864224197803594e-03
1.902155901973068275e-03
1.648384820390758065e-03
1.781138874036747310e-03
1.745308697441161350e-03
