1.578036088697392536e+00
6.970420567178252647e-01
3.817985595631583351e-01
3.876762450244959357e-01
4.352060611826635839e-02
1.655536037127174342e-01
2.540621462989545165e-01
2.568631893859729676e-01
1.056154261967869878e-01
6.889961667184119065e-02
2.736641107467845391e-01
1.070906311278987388e-01
8.418550920260203796e-02
1.395152235854726364e-01
1.568878246228275763e-01
9.059575284834386899e-02
1.319864309628342447e-01
9.385660123617789452e-02
2.002933711849230747e-02
2.004091280365494221e-03
1.001408100227103581e-01
2.467258027454399816e-02
2.948564997549452116e-02
3.628866240762507189e-02
6.333343860806417425e-02
7.256036676725008405e-02
2.954840395913804763e-02
6.411412884904765797e-02
4.620791688406322706e-02
8.166124883668302026e-02
1.471986802880298484e-02
2.240656516496231099e-02
6.298822129159109551e-02
6.588587126435152541e-02
5.750360437851331774e-02
5.355690361545439870e-02
6.145552538586773750e-02
4.264989255809981117e-02
1.322677327790833246e-02
4.709596465094856299e-02
3.195063989370972024e-02
1.648143933961598862e-02
1.543477162049233797e-02
1.644776032467731852e-02
2.739699009776552785e-02
1.607218734779225500e-02
2.828349444333966289e-02
9.479128996402019780e-03
2.324915054593157393e-02
2.951587742949657311e-02
4.794261174080061139e-02
2.639406322755055712e-02
3.548292486767246068e-02
7.559587626449815190e-03
8.055479103525442497e-03
2.047135117005227656e-02
4.205966955429807363e-02
2.556467626477543220e-03
5.186922189908127478e-03
2.161564028192541898e-02
2.995466508242872195e-02
1.981127383347858206e-02
4.283292653489700896e-03
2.771436863255427596e-02
3.260607905669732354e-02
3.974553335557629019e-02
4.429121815957093311e-02
1.635092163959717126e-02
2.112705690091920552e-02
2.281358922931131517e-02
4.780719676456213207e-03
1.404056420533805749e-02
1.435510605375611703e-03
1.766382408362665579e-02
1.366797570275446461e-02
1.856084965382320817e-02
9.348783914657543548e-03
2.291673857462539488e-02
1.794069994911628996e-02
3.120683421306669203e-03
5.967158864715216282e-03
2.813983427174338026e-02
2.729163566616676917e-03
5.512682110089484055e-03
1.747053185468216974e-02
1.854041094743497098e-02
2.357564715812165979e-03
1.023079063791110244e-02
2.862345879161454221e-03
1.925351093049920692e-02
1.141656539088442557e-02
2.214505030909297290e-02
9.279770579159407617e-03
1.649881107296602423e-02
1.665337940097666447e-02
6.746722404525673511e-03
2.244075069672124556e-02
4.106921824044595937e-03
1.621289847902240844e-02
1.550718484104507411e-02
1.632237172010198023e-02
5.978385633618632511e-03
6.677385219146625417e-03
1.067111512411211827e-02
1.286860903187192484e-02
5.812759766236519354e-03
2.140615629983377843e-02
1.819494284186307098e-02
1.206902144973431845e-04
1.005210467997263990e-02
1.271805782549351171e-02
1.861618830799072200e-02
1.600618143631793444e-02
1.342741323954776966e-02
1.103100226516429139e-02
1.100257349281252850e-02
8.120608659696770815e-03
6.377583570139844227e-03
1.438623941780958759e-03
1.158966205943090522e-02
1.595172792911148107e-02
3.876831175021244746e-03
1.536565250487287315e-03
1.885517768628774959e-03
1.130734863510296506e-02
1.660262416446478539e-02
1.085479944076306325e-02
1.598613751529609495e-02
3.229375225433095409e-04
7.303725181467379812e-03
9.408427983147671370e-03
1.085058475263456224e-02
2.564299525007340819e-02
7.018926777756506752e-03
9.573508040656042439e-03
6.680338158770116053e-03
5.868323335753711234e-03
1.938676317774223890e-04
4.733519605184755008e-03
7.304440883532992146e-03
9.071611201899809629e-03
3.795739567723277474e-03
4.674372301996854162e-03
3.664793668195720500e-03
1.568074209155057019e-03
5.771604416360265333e-03
4.603097343144790798e-03
6.073696768453151762e-03
1.197984543860064477e-02
4.172022545822162698e-03
5.275405218738482560e-03
2.435467790594447735e-03
1.806565920534874969e-02
4.101991600001131388e-03
9.624455957144117946e-03
1.819369036002438378e-03
3.067351984326949221e-03
5.232993657179552116e-03
1.204927660282573143e-03
2.304023136301402985e-04
1.140602944197710578e-02
5.989236804516462342e-03
3.962250952066481702e-03
1.322790355170555543e-02
9.293132761076794424e-04
7.904173896661426113e-03
2.555746967461525188e-03
1.383199549885638646e-03
2.522156302883660217e-03
8.286287929296864974e-03
1.089360376050740875e-02
5.347003727185439814e-03
4.000382656145440308e-03
5.276349848992945013e-03
5.028874150098117113e-03
1.122422937607359117e-02
5.843923753040325408e-03
6.949522088688375732e-03
2.690547249595720558e-03
3.258622179105108430e-03
1.615027799926727070e-03
1.031441685501421901e-02
8.232609717165884078e-03
1.057565401382487558e-02
7.188142907168293405e-03
6.286375606147753814e-03
6.079996260005993136e-03
8.754064461681032583e-03
1.248161667983582745e-03
2.679836531947143996e-03
1.722299731292675773e-04
2.157611635825285035e-03
4.101830519680493836e-03
2.777640192450636647e-03
1.508757415092931709e-03
4.744908709552131398e-03
1.030835220553516507e-02
3.207982068782255780e-03
7.241638761600555085e-03
4.099623551958142542e-03
7.629432959662452163e-03
2.788466739015560414e-03
6.218450724260637941e-03
9.952026529139956779e-03
5.794524422734426139e-03
3.596970187333958791e-03
1.493413807938104299e-03
9.569094980323988864e-04
3.397931239642826284e-03
4.989308331803332663e-03
4.966261290249907034e-03
9.604316401024215466e-03
5.988002741448728017e-03
4.493702166777246987e-03
4.681368894340121045e-03
4.387700765585034191e-03
6.973646351237094976e-03
2.522670553547712302e-03
7.940838934773708502e-03
6.197013163798503754e-03
7.386035596267825909e-03
7.148750430842287784e-03
5.126657409185275682e-03
8.133828750493954374e-04
2.529301505791226035e-03
5.724995003461907928e-03
4.991041830487485953e-03
9.367016299657082712e-03
1.293881967034726799e-03
7.835085139873632087e-03
2.861237665028326660e-03
6.555226651783430114e-03
2.561610520780188693e-03
2.587755765713906086e-03
6.392103211834143650e-04
3.754029251649804166e-03
1.095316715825278564e-02
1.388704276480856592e-03
5.085537093075132020e-03
2.742211253669690763e-03
7.730014155764797223e-03
2.351982290348386684e-03
3.254530640572905753e-04
4.856975200864477316e-03
4.242868318067527511e-03
3.670445007084577327e-03
7.228336156495096532e-04
4.879446461817149583e-03
2.598254408926248260e-03
1.847987883491608585e-03
