1.000000000000000000e+00
1.020000000000000018e+00
1.060000000000000053e+00
1.080000000000000071e+00
1.100000000000000089e+00
1.140000000000000124e+00
1.159999999999999920e+00
1.199999999999999956e+00
1.219999999999999973e+00
1.260000000000000009e+00
1.280000000000000027e+00
1.320000000000000062e+00
1.340000000000000080e+00
1.380000000000000115e+00
1.419999999999999929e+00
1.459999999999999964e+00
1.500000000000000000e+00
1.520000000000000018e+00
1.560000000000000053e+00
1.600000000000000089e+00
1.640000000000000124e+00
1.679999999999999938e+00
1.739999999999999991e+00
1.780000000000000027e+00
1.820000000000000062e+00
1.860000000000000098e+00
1.919999999999999929e+00
1.959999999999999964e+00
2.020000000000000018e+00
2.060000000000000053e+00
2.120000000000000107e+00
2.160000000000000142e+00
2.220000000000000195e+00
2.280000000000000249e+00
2.339999999999999858e+00
2.399999999999999911e+00
2.459999999999999964e+00
2.520000000000000018e+00
2.580000000000000071e+00
2.640000000000000124e+00
2.720000000000000195e+00
2.780000000000000249e+00
2.859999999999999876e+00
2.919999999999999929e+00
3.000000000000000000e+00
3.080000000000000071e+00
3.160000000000000142e+00
3.240000000000000213e+00
3.320000000000000284e+00
3.399999999999999911e+00
3.479999999999999982e+00
3.580000000000000071e+00
3.660000000000000142e+00
3.760000000000000231e+00
3.839999999999999858e+00
3.939999999999999947e+00
4.040000000000000036e+00
4.139999999999999680e+00
4.259999999999999787e+00
4.360000000000000320e+00
4.480000000000000426e+00
4.580000000000000071e+00
4.700000000000000178e+00
4.820000000000000284e+00
4.940000000000000391e+00
5.060000000000000497e+00
5.200000000000000178e+00
5.320000000000000284e+00
5.459999999999999964e+00
5.600000000000000533e+00
5.740000000000000213e+00
5.879999999999999893e+00
6.040000000000000036e+00
6.179999999999999716e+00
6.339999999999999858e+00
6.500000000000000000e+00
6.660000000000000142e+00
6.839999999999999858e+00
7.000000000000000000e+00
7.179999999999999716e+00
7.360000000000000320e+00
7.560000000000000497e+00
7.740000000000000213e+00
7.940000000000000391e+00
8.140000000000000568e+00
8.339999999999999858e+00
8.560000000000000497e+00
8.779999999999999361e+00
9.000000000000000000e+00
9.220000000000000639e+00
9.460000000000000853e+00
9.700000000000001066e+00
9.939999999999999503e+00
1.017999999999999972e+01
1.043999999999999950e+01
1.070000000000000107e+01
1.098000000000000043e+01
1.125999999999999979e+01
1.154000000000000092e+01
1.183999999999999986e+01
1.214000000000000057e+01
1.243999999999999950e+01
1.275999999999999979e+01
1.308000000000000007e+01
1.340000000000000036e+01
1.374000000000000021e+01
1.409999999999999964e+01
1.443999999999999950e+01
1.482000000000000028e+01
1.517999999999999972e+01
1.558000000000000007e+01
1.596000000000000085e+01
1.635999999999999943e+01
1.678000000000000114e+01
1.719999999999999929e+01
1.764000000000000057e+01
1.808000000000000185e+01
1.853999999999999915e+01
1.901999999999999957e+01
1.950000000000000000e+01
1.998000000000000043e+01
2.050000000000000000e+01
2.100000000000000000e+01
2.153999999999999915e+01
2.208000000000000185e+01
2.264000000000000057e+01
2.321999999999999886e+01
2.380000000000000071e+01
2.440000000000000213e+01
2.501999999999999957e+01
2.566000000000000014e+01
2.630000000000000071e+01
2.696000000000000085e+01
2.764000000000000057e+01
2.833999999999999986e+01
2.906000000000000227e+01
2.980000000000000071e+01
3.053999999999999915e+01
3.132000000000000028e+01
3.211999999999999744e+01
3.292000000000000171e+01
3.375999999999999801e+01
3.460000000000000142e+01
3.548000000000000398e+01
3.638000000000000256e+01
3.730000000000000426e+01
3.824000000000000199e+01
3.920000000000000284e+01
4.020000000000000284e+01
4.121999999999999886e+01
4.225999999999999801e+01
4.332000000000000028e+01
4.442000000000000171e+01
4.553999999999999915e+01
4.670000000000000284e+01
4.788000000000000256e+01
4.907999999999999829e+01
5.032000000000000028e+01
5.160000000000000142e+01
5.289999999999999858e+01
5.424000000000000199e+01
5.560000000000000142e+01
5.702000000000000313e+01
5.846000000000000085e+01
5.992000000000000171e+01
6.143999999999999773e+01
6.300000000000000000e+01
6.457999999999999829e+01
6.621999999999999886e+01
6.790000000000000568e+01
6.960000000000000853e+01
7.135999999999999943e+01
7.318000000000000682e+01
7.501999999999999602e+01
7.692000000000000171e+01
7.885999999999999943e+01
8.085999999999999943e+01
8.290000000000000568e+01
8.500000000000000000e+01
8.714000000000000057e+01
8.934000000000000341e+01
9.160000000000000853e+01
9.392000000000000171e+01
9.628000000000000114e+01
9.871999999999999886e+01
1.012199999999999989e+02
1.037800000000000011e+02
1.064000000000000057e+02
1.090799999999999983e+02
1.118400000000000034e+02
1.146800000000000068e+02
1.175600000000000023e+02
1.205400000000000063e+02
1.235799999999999983e+02
1.267199999999999989e+02
1.299200000000000159e+02
1.331999999999999886e+02
1.365600000000000023e+02
1.400200000000000102e+02
1.435600000000000023e+02
1.471800000000000068e+02
1.509000000000000057e+02
1.547199999999999989e+02
1.586200000000000045e+02
1.626400000000000148e+02
1.667400000000000091e+02
1.709600000000000080e+02
1.752800000000000011e+02
1.797000000000000171e+02
1.842400000000000091e+02
1.889000000000000057e+02
1.936800000000000068e+02
1.985800000000000125e+02
2.035999999999999943e+02
2.087400000000000091e+02
2.140200000000000102e+02
2.194200000000000159e+02
2.249600000000000080e+02
2.306599999999999966e+02
2.364800000000000182e+02
2.424600000000000080e+02
2.485800000000000125e+02
2.548600000000000136e+02
2.613000000000000114e+02
2.679200000000000159e+02
2.746800000000000068e+02
2.816200000000000045e+02
2.887400000000000091e+02
2.960400000000000205e+02
3.035199999999999818e+02
3.111800000000000068e+02
3.190600000000000023e+02
3.271200000000000045e+02
3.353799999999999955e+02
3.438600000000000136e+02
3.525400000000000205e+02
3.614599999999999795e+02
3.706000000000000227e+02
3.799599999999999795e+02
3.895600000000000023e+02
3.994000000000000341e+02
4.095000000000000000e+02
4.198600000000000136e+02
4.304600000000000364e+02
4.413400000000000318e+02
4.525000000000000000e+02
4.639200000000000159e+02
4.756600000000000250e+02
4.876800000000000068e+02
5.000000000000000000e+02
