1.000000000000000000e+00
3.000000000000000000e+00
5.000000000000000000e+00
7.020000000000000462e+00
9.019999999999999574e+00
1.101999999999999957e+01
1.301999999999999957e+01
1.501999999999999957e+01
1.703999999999999915e+01
1.903999999999999915e+01
2.103999999999999915e+01
2.303999999999999915e+01
2.503999999999999915e+01
2.706000000000000227e+01
2.906000000000000227e+01
3.106000000000000227e+01
3.306000000000000227e+01
3.506000000000000227e+01
3.707999999999999829e+01
3.907999999999999829e+01
4.107999999999999829e+01
4.307999999999999829e+01
4.507999999999999829e+01
4.710000000000000142e+01
4.910000000000000142e+01
5.110000000000000142e+01
5.310000000000000142e+01
5.510000000000000142e+01
5.712000000000000455e+01
5.912000000000000455e+01
6.112000000000000455e+01
6.312000000000000455e+01
6.512000000000000455e+01
6.714000000000000057e+01
6.914000000000000057e+01
7.114000000000000057e+01
7.314000000000000057e+01
7.514000000000000057e+01
7.715999999999999659e+01
7.915999999999999659e+01
8.115999999999999659e+01
8.315999999999999659e+01
8.515999999999999659e+01
8.718000000000000682e+01
8.918000000000000682e+01
9.118000000000000682e+01
9.318000000000000682e+01
9.518000000000000682e+01
9.720000000000000284e+01
9.920000000000000284e+01
1.012000000000000028e+02
1.032000000000000028e+02
1.052000000000000028e+02
1.072199999999999989e+02
1.092199999999999989e+02
1.112199999999999989e+02
1.132199999999999989e+02
1.152199999999999989e+02
1.172400000000000091e+02
1.192400000000000091e+02
1.212400000000000091e+02
1.232400000000000091e+02
1.252400000000000091e+02
1.272600000000000051e+02
1.292599999999999909e+02
1.312599999999999909e+02
1.332599999999999909e+02
1.352599999999999909e+02
1.372800000000000011e+02
1.392800000000000011e+02
1.412800000000000011e+02
1.432800000000000011e+02
1.452800000000000011e+02
1.473000000000000114e+02
1.493000000000000114e+02
1.513000000000000114e+02
1.533000000000000114e+02
1.553000000000000114e+02
1.573199999999999932e+02
1.593199999999999932e+02
1.613199999999999932e+02
1.633199999999999932e+02
1.653199999999999932e+02
1.673400000000000034e+02
1.693400000000000034e+02
1.713400000000000034e+02
1.733400000000000034e+02
1.753400000000000034e+02
1.773600000000000136e+02
1.793600000000000136e+02
1.813600000000000136e+02
1.833600000000000136e+02
1.853600000000000136e+02
1.873799999999999955e+02
1.893799999999999955e+02
1.913799999999999955e+02
1.933799999999999955e+02
1.953799999999999955e+02
1.974000000000000057e+02
1.994000000000000057e+02
2.014000000000000057e+02
2.034000000000000057e+02
2.054000000000000057e+02
2.074200000000000159e+02
2.094200000000000159e+02
2.114200000000000159e+02
2.134200000000000159e+02
2.154200000000000159e+02
2.174399999999999977e+02
2.194399999999999977e+02
2.214399999999999977e+02
2.234399999999999977e+02
2.254399999999999977e+02
2.274600000000000080e+02
2.294600000000000080e+02
2.314600000000000080e+02
2.334600000000000080e+02
2.354600000000000080e+02
2.374800000000000182e+02
2.394800000000000182e+02
2.414800000000000182e+02
2.434800000000000182e+02
2.454800000000000182e+02
2.475000000000000000e+02
2.495000000000000000e+02
2.515000000000000000e+02
2.535000000000000000e+02
2.555200000000000102e+02
2.575199999999999818e+02
2.595199999999999818e+02
2.615199999999999818e+02
2.635199999999999818e+02
2.655400000000000205e+02
2.675400000000000205e+02
2.695400000000000205e+02
2.715400000000000205e+02
2.735400000000000205e+02
2.755600000000000023e+02
2.775600000000000023e+02
2.795600000000000023e+02
2.815600000000000023e+02
2.835600000000000023e+02
2.855799999999999841e+02
2.875799999999999841e+02
2.895799999999999841e+02
2.915799999999999841e+02
2.935799999999999841e+02
2.956000000000000227e+02
2.976000000000000227e+02
2.996000000000000227e+02
3.016000000000000227e+02
3.036000000000000227e+02
3.056200000000000045e+02
3.076200000000000045e+02
3.096200000000000045e+02
3.116200000000000045e+02
3.136200000000000045e+02
3.156399999999999864e+02
3.176399999999999864e+02
3.196399999999999864e+02
3.216399999999999864e+02
3.236399999999999864e+02
3.256600000000000250e+02
3.276600000000000250e+02
3.296600000000000250e+02
3.316600000000000250e+02
3.336600000000000250e+02
3.356800000000000068e+02
3.376800000000000068e+02
3.396800000000000068e+02
3.416800000000000068e+02
3.436800000000000068e+02
3.456999999999999886e+02
3.476999999999999886e+02
3.496999999999999886e+02
3.516999999999999886e+02
3.536999999999999886e+02
3.557200000000000273e+02
3.577200000000000273e+02
3.597200000000000273e+02
3.617200000000000273e+02
3.637200000000000273e+02
3.657400000000000091e+02
3.677400000000000091e+02
3.697400000000000091e+02
3.717400000000000091e+02
3.737400000000000091e+02
3.757599999999999909e+02
3.777599999999999909e+02
3.797599999999999909e+02
3.817599999999999909e+02
3.837599999999999909e+02
3.857800000000000296e+02
3.877800000000000296e+02
3.897800000000000296e+02
3.917800000000000296e+02
3.937800000000000296e+02
3.958000000000000114e+02
3.978000000000000114e+02
3.998000000000000114e+02
4.018000000000000114e+02
4.038000000000000114e+02
4.058199999999999932e+02
4.078199999999999932e+02
4.098199999999999932e+02
4.118199999999999932e+02
4.138199999999999932e+02
4.158400000000000318e+02
4.178400000000000318e+02
4.198400000000000318e+02
4.218400000000000318e+02
4.238400000000000318e+02
4.258600000000000136e+02
4.278600000000000136e+02
4.298600000000000136e+02
4.318600000000000136e+02
4.338600000000000136e+02
4.358799999999999955e+02
4.378799999999999955e+02
4.398799999999999955e+02
4.418799999999999955e+02
4.438799999999999955e+02
4.459000000000000341e+02
4.479000000000000341e+02
4.499000000000000341e+02
4.519000000000000341e+02
4.539000000000000341e+02
4.559200000000000159e+02
4.579200000000000159e+02
4.599200000000000159e+02
4.619200000000000159e+02
4.639200000000000159e+02
4.659399999999999977e+02
4.679399999999999977e+02
4.699399999999999977e+02
4.719399999999999977e+02
4.739399999999999977e+02
4.759600000000000364e+02
4.779600000000000364e+02
4.799600000000000364e+02
4.819600000000000364e+02
4.839600000000000364e+02
4.859800000000000182e+02
4.879800000000000182e+02
4.899800000000000182e+02
4.919800000000000182e+02
4.939800000000000182e+02
4.960000000000000000e+02
4.980000000000000000e+02
5.000000000000000000e+02
