1.000000000000000000e+00
1.020000000000000018e+00
1.020000000000000018e+00
1.040000000000000036e+00
1.040000000000000036e+00
1.060000000000000053e+00
1.060000000000000053e+00
1.080000000000000071e+00
1.100000000000000089e+00
1.100000000000000089e+00
1.120000000000000107e+00
1.120000000000000107e+00
1.140000000000000124e+00
1.159999999999999920e+00
1.159999999999999920e+00
1.179999999999999938e+00
1.179999999999999938e+00
1.199999999999999956e+00
1.219999999999999973e+00
1.219999999999999973e+00
1.239999999999999991e+00
1.260000000000000009e+00
1.260000000000000009e+00
1.280000000000000027e+00
1.300000000000000044e+00
1.320000000000000062e+00
1.320000000000000062e+00
1.340000000000000080e+00
1.360000000000000098e+00
1.360000000000000098e+00
1.380000000000000115e+00
1.400000000000000133e+00
1.419999999999999929e+00
1.419999999999999929e+00
1.439999999999999947e+00
1.459999999999999964e+00
1.479999999999999982e+00
1.500000000000000000e+00
1.500000000000000000e+00
1.520000000000000018e+00
1.540000000000000036e+00
1.560000000000000053e+00
1.580000000000000071e+00
1.600000000000000089e+00
1.620000000000000107e+00
1.620000000000000107e+00
1.640000000000000124e+00
1.660000000000000142e+00
1.679999999999999938e+00
1.699999999999999956e+00
1.719999999999999973e+00
1.739999999999999991e+00
1.760000000000000009e+00
1.780000000000000027e+00
1.800000000000000044e+00
1.820000000000000062e+00
1.840000000000000080e+00
1.860000000000000098e+00
1.880000000000000115e+00
1.900000000000000133e+00
1.919999999999999929e+00
1.939999999999999947e+00
1.959999999999999964e+00
1.979999999999999982e+00
2.000000000000000000e+00
2.020000000000000018e+00
2.040000000000000036e+00
2.060000000000000053e+00
2.080000000000000071e+00
2.120000000000000107e+00
2.140000000000000124e+00
2.160000000000000142e+00
2.180000000000000160e+00
2.200000000000000178e+00
2.220000000000000195e+00
2.260000000000000231e+00
2.280000000000000249e+00
2.300000000000000266e+00
2.319999999999999840e+00
2.359999999999999876e+00
2.379999999999999893e+00
2.399999999999999911e+00
2.439999999999999947e+00
2.459999999999999964e+00
2.479999999999999982e+00
2.520000000000000018e+00
2.540000000000000036e+00
2.560000000000000053e+00
2.600000000000000089e+00
2.620000000000000107e+00
2.660000000000000142e+00
2.680000000000000160e+00
2.700000000000000178e+00
2.740000000000000213e+00
2.760000000000000231e+00
2.800000000000000266e+00
2.819999999999999840e+00
2.859999999999999876e+00
2.899999999999999911e+00
2.919999999999999929e+00
2.959999999999999964e+00
2.979999999999999982e+00
3.020000000000000018e+00
3.060000000000000053e+00
3.080000000000000071e+00
3.120000000000000107e+00
3.160000000000000142e+00
3.180000000000000160e+00
3.220000000000000195e+00
3.260000000000000231e+00
3.300000000000000266e+00
3.320000000000000284e+00
3.359999999999999876e+00
3.399999999999999911e+00
3.439999999999999947e+00
3.479999999999999982e+00
3.520000000000000018e+00
3.560000000000000053e+00
3.580000000000000071e+00
3.620000000000000107e+00
3.660000000000000142e+00
3.700000000000000178e+00
3.740000000000000213e+00
3.780000000000000249e+00
3.839999999999999858e+00
3.879999999999999893e+00
3.919999999999999929e+00
3.959999999999999964e+00
4.000000000000000000e+00
4.040000000000000036e+00
4.080000000000000071e+00
4.139999999999999680e+00
4.179999999999999716e+00
4.219999999999999751e+00
4.259999999999999787e+00
4.320000000000000284e+00
4.360000000000000320e+00
4.400000000000000355e+00
4.459999999999999964e+00
4.500000000000000000e+00
4.560000000000000497e+00
4.600000000000000533e+00
4.660000000000000142e+00
4.700000000000000178e+00
4.759999999999999787e+00
4.799999999999999822e+00
4.860000000000000320e+00
4.919999999999999929e+00
4.959999999999999964e+00
5.020000000000000462e+00
5.080000000000000071e+00
5.139999999999999680e+00
5.179999999999999716e+00
5.240000000000000213e+00
5.299999999999999822e+00
5.360000000000000320e+00
5.419999999999999929e+00
5.480000000000000426e+00
5.540000000000000036e+00
5.600000000000000533e+00
5.660000000000000142e+00
5.719999999999999751e+00
5.780000000000000249e+00
5.839999999999999858e+00
5.900000000000000355e+00
5.980000000000000426e+00
6.040000000000000036e+00
6.100000000000000533e+00
6.160000000000000142e+00
6.240000000000000213e+00
6.299999999999999822e+00
6.379999999999999893e+00
6.440000000000000391e+00
6.520000000000000462e+00
6.580000000000000071e+00
6.660000000000000142e+00
6.719999999999999751e+00
6.799999999999999822e+00
6.879999999999999893e+00
6.940000000000000391e+00
7.020000000000000462e+00
7.100000000000000533e+00
7.179999999999999716e+00
7.259999999999999787e+00
7.339999999999999858e+00
7.419999999999999929e+00
7.500000000000000000e+00
7.580000000000000071e+00
7.660000000000000142e+00
7.740000000000000213e+00
7.820000000000000284e+00
7.919999999999999929e+00
8.000000000000000000e+00
8.080000000000000071e+00
8.179999999999999716e+00
8.259999999999999787e+00
8.359999999999999432e+00
8.439999999999999503e+00
8.540000000000000924e+00
8.640000000000000568e+00
8.720000000000000639e+00
8.820000000000000284e+00
8.919999999999999929e+00
9.019999999999999574e+00
9.120000000000000995e+00
9.200000000000001066e+00
9.320000000000000284e+00
9.419999999999999929e+00
9.519999999999999574e+00
9.620000000000000995e+00
9.720000000000000639e+00
9.820000000000000284e+00
9.939999999999999503e+00
1.004000000000000092e+01
1.016000000000000014e+01
1.025999999999999979e+01
1.038000000000000078e+01
1.048000000000000043e+01
1.059999999999999964e+01
1.072000000000000064e+01
1.083999999999999986e+01
1.096000000000000085e+01
1.108000000000000007e+01
1.120000000000000107e+01
1.132000000000000028e+01
1.143999999999999950e+01
1.156000000000000050e+01
1.167999999999999972e+01
1.182000000000000028e+01
1.193999999999999950e+01
1.208000000000000007e+01
1.220000000000000107e+01
1.233999999999999986e+01
1.248000000000000043e+01
1.259999999999999964e+01
1.274000000000000021e+01
1.288000000000000078e+01
1.301999999999999957e+01
1.316000000000000014e+01
1.330000000000000071e+01
1.346000000000000085e+01
1.359999999999999964e+01
1.374000000000000021e+01
1.390000000000000036e+01
1.406000000000000050e+01
1.420000000000000107e+01
1.435999999999999943e+01
1.451999999999999957e+01
1.467999999999999972e+01
1.483999999999999986e+01
1.500000000000000000e+01
1.516000000000000014e+01
1.532000000000000028e+01
1.548000000000000043e+01
1.566000000000000014e+01
1.582000000000000028e+01
1.600000000000000000e+01
1.617999999999999972e+01
1.635999999999999943e+01
1.651999999999999957e+01
1.669999999999999929e+01
1.689999999999999858e+01
1.708000000000000185e+01
1.726000000000000156e+01
1.744000000000000128e+01
1.764000000000000057e+01
1.783999999999999986e+01
1.801999999999999957e+01
1.821999999999999886e+01
1.842000000000000171e+01
1.862000000000000099e+01
1.882000000000000028e+01
1.901999999999999957e+01
1.924000000000000199e+01
1.944000000000000128e+01
1.966000000000000014e+01
1.987999999999999901e+01
2.008000000000000185e+01
2.030000000000000071e+01
2.051999999999999957e+01
2.076000000000000156e+01
2.098000000000000043e+01
2.119999999999999929e+01
2.144000000000000128e+01
2.166000000000000014e+01
2.190000000000000213e+01
2.214000000000000057e+01
2.237999999999999901e+01
2.262000000000000099e+01
2.287999999999999901e+01
2.312000000000000099e+01
2.337999999999999901e+01
2.364000000000000057e+01
2.387999999999999901e+01
2.414000000000000057e+01
2.442000000000000171e+01
2.467999999999999972e+01
2.494000000000000128e+01
2.521999999999999886e+01
2.550000000000000000e+01
2.576000000000000156e+01
2.603999999999999915e+01
2.633999999999999986e+01
2.662000000000000099e+01
2.692000000000000171e+01
2.719999999999999929e+01
2.750000000000000000e+01
2.780000000000000071e+01
2.810000000000000142e+01
2.840000000000000213e+01
2.871999999999999886e+01
2.901999999999999957e+01
2.933999999999999986e+01
2.966000000000000014e+01
2.998000000000000043e+01
3.032000000000000028e+01
3.064000000000000057e+01
3.098000000000000043e+01
3.132000000000000028e+01
3.166000000000000014e+01
3.200000000000000000e+01
3.235999999999999943e+01
3.270000000000000284e+01
3.306000000000000227e+01
3.342000000000000171e+01
3.378000000000000114e+01
3.416000000000000369e+01
3.452000000000000313e+01
3.489999999999999858e+01
3.528000000000000114e+01
3.566000000000000369e+01
3.606000000000000227e+01
3.643999999999999773e+01
3.684000000000000341e+01
3.724000000000000199e+01
3.764000000000000057e+01
3.806000000000000227e+01
3.848000000000000398e+01
3.889999999999999858e+01
3.932000000000000028e+01
3.974000000000000199e+01
4.017999999999999972e+01
4.061999999999999744e+01
4.106000000000000227e+01
4.150000000000000000e+01
4.196000000000000085e+01
4.242000000000000171e+01
4.288000000000000256e+01
4.334000000000000341e+01
4.382000000000000028e+01
4.428000000000000114e+01
4.478000000000000114e+01
4.525999999999999801e+01
4.575999999999999801e+01
4.624000000000000199e+01
4.675999999999999801e+01
4.725999999999999801e+01
4.778000000000000114e+01
4.830000000000000426e+01
4.882000000000000028e+01
4.935999999999999943e+01
4.989999999999999858e+01
5.043999999999999773e+01
5.098000000000000398e+01
5.153999999999999915e+01
5.210000000000000142e+01
5.266000000000000369e+01
5.324000000000000199e+01
5.382000000000000028e+01
5.439999999999999858e+01
5.500000000000000000e+01
5.560000000000000142e+01
5.620000000000000284e+01
5.682000000000000028e+01
5.743999999999999773e+01
5.806000000000000227e+01
5.870000000000000284e+01
5.934000000000000341e+01
5.998000000000000398e+01
6.064000000000000057e+01
6.130000000000000426e+01
6.196000000000000085e+01
6.264000000000000057e+01
6.332000000000000028e+01
6.400000000000000000e+01
6.470000000000000284e+01
6.540000000000000568e+01
6.612000000000000455e+01
6.684000000000000341e+01
6.756000000000000227e+01
6.829999999999999716e+01
6.904000000000000625e+01
6.979999999999999716e+01
7.056000000000000227e+01
7.132000000000000739e+01
7.210000000000000853e+01
7.287999999999999545e+01
7.368000000000000682e+01
7.448000000000000398e+01
7.529999999999999716e+01
7.612000000000000455e+01
7.693999999999999773e+01
7.778000000000000114e+01
7.862000000000000455e+01
7.948000000000000398e+01
8.035999999999999943e+01
8.121999999999999886e+01
8.210000000000000853e+01
8.300000000000000000e+01
8.390000000000000568e+01
8.482000000000000739e+01
8.573999999999999488e+01
8.668000000000000682e+01
8.762000000000000455e+01
8.857999999999999829e+01
8.954000000000000625e+01
9.051999999999999602e+01
9.150000000000000000e+01
9.250000000000000000e+01
9.350000000000000000e+01
9.451999999999999602e+01
9.556000000000000227e+01
9.660000000000000853e+01
9.764000000000000057e+01
9.870000000000000284e+01
9.978000000000000114e+01
1.008799999999999955e+02
1.019600000000000080e+02
1.030799999999999983e+02
1.042000000000000028e+02
1.053400000000000034e+02
1.064800000000000040e+02
1.076400000000000006e+02
1.088200000000000074e+02
1.100000000000000000e+02
1.112000000000000028e+02
1.124000000000000057e+02
1.136400000000000006e+02
1.148799999999999955e+02
1.161200000000000045e+02
1.173799999999999955e+02
1.186599999999999966e+02
1.199600000000000080e+02
1.212600000000000051e+02
1.225799999999999983e+02
1.239200000000000017e+02
1.252600000000000051e+02
1.266400000000000006e+02
1.280200000000000102e+02
1.294000000000000057e+02
1.308199999999999932e+02
1.322400000000000091e+02
1.336800000000000068e+02
1.351400000000000148e+02
1.365999999999999943e+02
1.380999999999999943e+02
1.395999999999999943e+02
1.411200000000000045e+02
1.426599999999999966e+02
1.442000000000000171e+02
1.457800000000000011e+02
1.473600000000000136e+02
1.489600000000000080e+02
1.505999999999999943e+02
1.522400000000000091e+02
1.538799999999999955e+02
1.555600000000000023e+02
1.572599999999999909e+02
1.589799999999999898e+02
1.607000000000000171e+02
1.624600000000000080e+02
1.642199999999999989e+02
1.660000000000000000e+02
1.678199999999999932e+02
1.696400000000000148e+02
1.715000000000000000e+02
1.733600000000000136e+02
1.752400000000000091e+02
1.771599999999999966e+02
1.790800000000000125e+02
1.810399999999999920e+02
1.830000000000000000e+02
1.850000000000000000e+02
1.870200000000000102e+02
1.890600000000000023e+02
1.910999999999999943e+02
1.932000000000000171e+02
1.953000000000000114e+02
1.974200000000000159e+02
1.995800000000000125e+02
2.017400000000000091e+02
2.039399999999999977e+02
2.061599999999999966e+02
2.084000000000000057e+02
2.106800000000000068e+02
2.129800000000000182e+02
2.152800000000000011e+02
2.176400000000000148e+02
2.200000000000000000e+02
2.224000000000000057e+02
2.248199999999999932e+02
2.272599999999999909e+02
2.297400000000000091e+02
2.322400000000000091e+02
2.347800000000000011e+02
2.373400000000000034e+02
2.399200000000000159e+02
2.425200000000000102e+02
2.451599999999999966e+02
2.478400000000000034e+02
2.505399999999999920e+02
2.532600000000000193e+02
2.560199999999999818e+02
2.588199999999999932e+02
2.616399999999999864e+02
2.644800000000000182e+02
2.673600000000000136e+02
2.702800000000000296e+02
2.732200000000000273e+02
2.761800000000000068e+02
2.791999999999999886e+02
2.822400000000000091e+02
2.853199999999999932e+02
2.884200000000000159e+02
2.915600000000000023e+02
2.947400000000000091e+02
2.979399999999999977e+02
3.011800000000000068e+02
3.044599999999999795e+02
3.077800000000000296e+02
3.111399999999999864e+02
3.145199999999999818e+02
3.179399999999999977e+02
3.214000000000000341e+02
3.249000000000000341e+02
3.284399999999999977e+02
3.320199999999999818e+02
3.356399999999999864e+02
3.393000000000000114e+02
3.429800000000000182e+02
3.467200000000000273e+02
3.505000000000000000e+02
3.543199999999999932e+02
3.581800000000000068e+02
3.620799999999999841e+02
3.660199999999999818e+02
3.700000000000000000e+02
3.740400000000000205e+02
3.781000000000000227e+02
3.822200000000000273e+02
3.863799999999999955e+02
3.906000000000000227e+02
3.948400000000000318e+02
3.991399999999999864e+02
4.035000000000000000e+02
4.078799999999999955e+02
4.123199999999999932e+02
4.168199999999999932e+02
4.213600000000000136e+02
4.259399999999999977e+02
4.305799999999999841e+02
4.352800000000000296e+02
4.400199999999999818e+02
4.448000000000000114e+02
4.496399999999999864e+02
4.545400000000000205e+02
4.595000000000000000e+02
4.645000000000000000e+02
4.695600000000000023e+02
4.746600000000000250e+02
4.798400000000000318e+02
4.850600000000000023e+02
4.903400000000000318e+02
4.956800000000000068e+02
5.010799999999999841e+02
5.065400000000000205e+02
5.120600000000000591e+02
5.176399999999999864e+02
5.232599999999999909e+02
5.289600000000000364e+02
5.347200000000000273e+02
5.405399999999999636e+02
5.464400000000000546e+02
5.523799999999999955e+02
5.583999999999999773e+02
5.644800000000000182e+02
5.706200000000000045e+02
5.768400000000000318e+02
5.831200000000000045e+02
5.894800000000000182e+02
5.958999999999999773e+02
6.023799999999999955e+02
6.089400000000000546e+02
6.155800000000000409e+02
6.222799999999999727e+02
6.290600000000000591e+02
6.358999999999999773e+02
6.428200000000000500e+02
6.498200000000000500e+02
6.568999999999999773e+02
6.640600000000000591e+02
6.712799999999999727e+02
6.786000000000000227e+02
6.859800000000000182e+02
6.934600000000000364e+02
7.010000000000000000e+02
7.086399999999999864e+02
7.163600000000000136e+02
7.241599999999999682e+02
7.320399999999999636e+02
7.400199999999999818e+02
7.480800000000000409e+02
7.562200000000000273e+02
7.644600000000000364e+02
7.727799999999999727e+02
7.812000000000000455e+02
7.897000000000000455e+02
7.983000000000000682e+02
8.070000000000000000e+02
8.157799999999999727e+02
8.246599999999999682e+02
8.336399999999999864e+02
8.427200000000000273e+02
8.518999999999999773e+02
8.611800000000000637e+02
8.705600000000000591e+02
8.800399999999999636e+02
8.896200000000000045e+02
8.993000000000000682e+02
9.091000000000000227e+02
9.190000000000000000e+02
9.290000000000000000e+02
9.391200000000000045e+02
9.493400000000000318e+02
9.596800000000000637e+02
9.701399999999999864e+02
9.807000000000000455e+02
9.913799999999999955e+02
1.002180000000000064e+03
1.013080000000000041e+03
1.024120000000000118e+03
1.035279999999999973e+03
1.046539999999999964e+03
1.057940000000000055e+03
1.069460000000000036e+03
1.081099999999999909e+03
1.092880000000000109e+03
1.104779999999999973e+03
1.116819999999999936e+03
1.128980000000000018e+03
1.141259999999999991e+03
1.153700000000000045e+03
1.166259999999999991e+03
1.178960000000000036e+03
1.191799999999999955e+03
1.204779999999999973e+03
1.217900000000000091e+03
1.231160000000000082e+03
1.244559999999999945e+03
1.258120000000000118e+03
1.271819999999999936e+03
1.285660000000000082e+03
1.299660000000000082e+03
1.313819999999999936e+03
1.328120000000000118e+03
1.342579999999999927e+03
1.357200000000000045e+03
1.371980000000000018e+03
1.386920000000000073e+03
1.402039999999999964e+03
1.417299999999999955e+03
1.432740000000000009e+03
1.448339999999999918e+03
1.464100000000000136e+03
1.480039999999999964e+03
1.496160000000000082e+03
1.512460000000000036e+03
1.528920000000000073e+03
1.545579999999999927e+03
1.562400000000000091e+03
1.579420000000000073e+03
1.596620000000000118e+03
1.614000000000000000e+03
1.631579999999999927e+03
1.649340000000000146e+03
1.667319999999999936e+03
1.685460000000000036e+03
1.703819999999999936e+03
1.722380000000000109e+03
1.741120000000000118e+03
1.760079999999999927e+03
1.779259999999999991e+03
1.798640000000000100e+03
1.818220000000000027e+03
1.838019999999999982e+03
1.858039999999999964e+03
1.878259999999999991e+03
1.898720000000000027e+03
1.919400000000000091e+03
1.940299999999999955e+03
1.961420000000000073e+03
1.982779999999999973e+03
2.004380000000000109e+03
2.026200000000000045e+03
2.048260000000000218e+03
2.070579999999999927e+03
2.093119999999999891e+03
2.115920000000000073e+03
2.138960000000000036e+03
2.162240000000000236e+03
2.185780000000000200e+03
2.209599999999999909e+03
2.233659999999999854e+03
2.257980000000000018e+03
2.282559999999999945e+03
2.307420000000000073e+03
2.332539999999999964e+03
2.357940000000000055e+03
2.383619999999999891e+03
2.409579999999999927e+03
2.435820000000000164e+03
2.462340000000000146e+03
2.489159999999999854e+03
2.516260000000000218e+03
2.543659999999999854e+03
2.571360000000000127e+03
2.599360000000000127e+03
2.627659999999999854e+03
2.656280000000000200e+03
2.685200000000000273e+03
2.714440000000000055e+03
2.744000000000000000e+03
2.773880000000000109e+03
2.804099999999999909e+03
2.834639999999999873e+03
2.865500000000000000e+03
2.896700000000000273e+03
2.928240000000000236e+03
2.960139999999999873e+03
2.992360000000000127e+03
3.024960000000000036e+03
3.057900000000000091e+03
3.091200000000000273e+03
3.124860000000000127e+03
3.158880000000000109e+03
3.193280000000000200e+03
3.228059999999999945e+03
3.263200000000000273e+03
3.298740000000000236e+03
3.334659999999999854e+03
3.370980000000000018e+03
3.407680000000000291e+03
3.444780000000000200e+03
3.482300000000000182e+03
3.520220000000000255e+03
3.558559999999999945e+03
3.597300000000000182e+03
3.636480000000000018e+03
3.676079999999999927e+03
3.716099999999999909e+03
3.756579999999999927e+03
3.797480000000000018e+03
3.838840000000000146e+03
3.880639999999999873e+03
3.922900000000000091e+03
3.965619999999999891e+03
4.008800000000000182e+03
4.052460000000000036e+03
4.096579999999999927e+03
4.141180000000000291e+03
4.186279999999999745e+03
4.231880000000000109e+03
4.277960000000000036e+03
4.324539999999999964e+03
4.371640000000000327e+03
4.419239999999999782e+03
4.467359999999999673e+03
4.516000000000000000e+03
4.565180000000000291e+03
4.614900000000000546e+03
4.665140000000000327e+03
4.715940000000000509e+03
4.767300000000000182e+03
4.819220000000000255e+03
4.871699999999999818e+03
4.924739999999999782e+03
4.978380000000000109e+03
5.032579999999999927e+03
5.087380000000000109e+03
5.142779999999999745e+03
5.198779999999999745e+03
5.255400000000000546e+03
5.312619999999999891e+03
5.370480000000000473e+03
5.428960000000000036e+03
5.488079999999999927e+03
5.547840000000000146e+03
5.608260000000000218e+03
5.669319999999999709e+03
5.731060000000000400e+03
5.793480000000000473e+03
5.856560000000000400e+03
5.920340000000000146e+03
5.984800000000000182e+03
6.049980000000000473e+03
6.115859999999999673e+03
6.182460000000000036e+03
6.249779999999999745e+03
6.317840000000000146e+03
6.386640000000000327e+03
6.456180000000000291e+03
6.526480000000000473e+03
6.597560000000000400e+03
6.669400000000000546e+03
6.742020000000000437e+03
6.815440000000000509e+03
6.889659999999999854e+03
6.964680000000000291e+03
7.040520000000000437e+03
7.117199999999999818e+03
7.194699999999999818e+03
7.273039999999999964e+03
7.352239999999999782e+03
7.432300000000000182e+03
7.513239999999999782e+03
7.595060000000000400e+03
7.677760000000000218e+03
7.761360000000000582e+03
7.845880000000000109e+03
7.931320000000000618e+03
8.017680000000000291e+03
8.105000000000000000e+03
8.193260000000000218e+03
8.282479999999999563e+03
8.372659999999999854e+03
8.463840000000000146e+03
8.556000000000000000e+03
8.649180000000000291e+03
8.743360000000000582e+03
8.838579999999999927e+03
8.934819999999999709e+03
9.032120000000000800e+03
9.130479999999999563e+03
9.229899999999999636e+03
9.330399999999999636e+03
9.432020000000000437e+03
9.534719999999999345e+03
9.638540000000000873e+03
9.743500000000000000e+03
9.849600000000000364e+03
9.956860000000000582e+03
1.006530000000000109e+04
1.017489999999999964e+04
1.028570000000000073e+04
1.039770000000000073e+04
1.051092000000000007e+04
1.062538000000000102e+04
1.074107999999999993e+04
1.085805999999999949e+04
1.097630000000000109e+04
1.109581999999999971e+04
1.121663999999999942e+04
1.133878000000000065e+04
1.146226000000000022e+04
1.158707999999999993e+04
1.171326000000000022e+04
1.184080000000000109e+04
1.196973999999999978e+04
1.210010000000000036e+04
1.223186000000000058e+04
1.236505999999999949e+04
1.249970000000000073e+04
1.263581999999999971e+04
1.277342000000000007e+04
1.291252000000000044e+04
1.305312000000000080e+04
1.319526000000000022e+04
1.333896000000000095e+04
1.348420000000000073e+04
1.363104000000000087e+04
1.377947999999999956e+04
1.392954000000000087e+04
1.408122000000000116e+04
1.423455999999999949e+04
1.438955999999999949e+04
1.454626000000000022e+04
1.470465999999999985e+04
1.486478000000000065e+04
1.502665999999999985e+04
1.519028000000000065e+04
1.535570000000000073e+04
1.552292000000000007e+04
1.569196000000000095e+04
1.586281999999999971e+04
1.603555999999999949e+04
1.621018000000000029e+04
1.638670000000000073e+04
1.656513999999999942e+04
1.674554000000000087e+04
1.692788000000000102e+04
1.711222000000000116e+04
1.729856000000000131e+04
1.748693999999999869e+04
1.767736000000000058e+04
1.786986000000000058e+04
1.806443999999999869e+04
1.826115999999999985e+04
1.846002000000000044e+04
1.866104000000000087e+04
1.886424000000000160e+04
1.906965999999999985e+04
1.927731999999999971e+04
1.948724000000000160e+04
1.969943999999999869e+04
1.991395999999999913e+04
2.013081999999999971e+04
2.035004000000000087e+04
2.057163999999999942e+04
2.079563999999999942e+04
2.102210000000000218e+04
2.125102000000000044e+04
2.148243999999999869e+04
2.171636000000000058e+04
2.195284000000000015e+04
2.219190000000000146e+04
2.243356000000000131e+04
2.267784000000000015e+04
2.292479999999999927e+04
2.317443999999999869e+04
2.342679999999999927e+04
2.368190000000000146e+04
2.393977999999999884e+04
2.420047999999999956e+04
2.446400000000000000e+04
2.473040000000000146e+04
2.499970000000000073e+04
2.527194000000000233e+04
2.554713999999999942e+04
2.582534000000000015e+04
2.610656000000000131e+04
2.639084000000000015e+04
2.667822000000000116e+04
2.696874000000000160e+04
2.726242000000000189e+04
2.755927999999999884e+04
2.785940000000000146e+04
2.816276000000000204e+04
2.846944000000000233e+04
2.877945999999999913e+04
2.909286000000000058e+04
2.940965999999999985e+04
2.972992000000000189e+04
3.005365999999999985e+04
3.038092000000000189e+04
3.071176000000000204e+04
3.104620000000000073e+04
3.138427999999999884e+04
3.172602000000000044e+04
3.207150000000000000e+04
3.242074000000000160e+04
3.277380000000000291e+04
3.313068000000000029e+04
3.349145999999999913e+04
3.385616000000000349e+04
3.422484000000000378e+04
3.459754000000000087e+04
3.497427999999999884e+04
3.535513999999999942e+04
3.574012000000000262e+04
3.612931999999999971e+04
3.652273999999999796e+04
3.692045999999999913e+04
3.732250000000000000e+04
3.772894000000000233e+04
3.813977999999999884e+04
3.855509999999999854e+04
3.897494000000000233e+04
3.939936000000000058e+04
3.982840000000000146e+04
4.026209999999999854e+04
4.070054000000000087e+04
4.114376000000000204e+04
4.159177999999999884e+04
4.204470000000000437e+04
4.250254000000000087e+04
4.296537999999999738e+04
4.343323999999999796e+04
4.390620000000000437e+04
4.438431999999999971e+04
4.486763999999999942e+04
4.535622000000000116e+04
4.585013999999999942e+04
4.634941999999999825e+04
4.685413999999999942e+04
4.736436000000000058e+04
4.788012000000000262e+04
4.840152000000000407e+04
4.892858000000000175e+04
4.946140000000000146e+04
5.000000000000000000e+04
