3.327582839385700986e-02
4.960349210848902235e-02
2.594468120573656389e-02
3.306590478928994603e-02
5.174730964144624856e-02
6.569726311034518318e-02
5.355810696065432808e-02
3.910780404268499044e-02
4.394910184215683469e-02
5.534385673857433741e-02
7.349425847115220733e-02
5.564105669182806135e-02
6.086126807445313425e-02
6.286312495099755093e-02
5.288546491699630536e-02
5.305543492957964791e-02
6.818445008747053837e-02
7.078569822057456662e-02
5.781652453559615878e-02
6.657972261564137906e-02
6.727517144235406477e-02
7.047063765195049623e-02
6.008717510575889431e-02
6.361270673999930292e-02
6.642222116843576885e-02
6.474315880524061928e-02
6.360265665986308825e-02
7.127318275776628465e-02
8.121560715467845970e-02
5.649009430962725897e-02
7.634707229471293655e-02
6.090214581869390909e-02
9.006724912676489225e-02
5.494881551385188967e-02
5.931113187038528078e-02
5.456519062600828640e-02
7.161587415236070342e-02
6.107128151121532511e-02
6.732552180217621363e-02
5.585908052197141593e-02
3.894750288710668862e-02
6.680740294651421607e-02
4.433441161356621585e-02
4.385284908620845634e-02
3.757153804156598831e-02
3.732739715737598551e-02
4.729626448022994367e-02
3.734007182792975499e-02
3.748946710559442064e-02
4.600289611847840909e-02
2.960334513873985607e-02
4.881919888007235642e-02
4.883233359202798773e-02
3.750543578361187347e-02
4.704630685296407044e-02
2.965994387715320535e-02
3.664979099629950277e-02
3.970537471064949919e-02
3.229911929911044588e-02
4.545298117460239151e-02
3.091491802342272166e-02
3.112633794962182954e-02
3.618420045696169041e-02
3.785074292380730121e-02
3.317455695286641859e-02
3.025733907948569001e-02
3.941487664207166119e-02
3.200512361541429929e-02
3.396180273532256599e-02
2.527476345414503278e-02
3.885846774952006477e-02
3.677283068978864922e-02
3.496320925966522886e-02
3.147882796588008514e-02
2.481355543958052579e-02
3.980620929366818217e-02
2.710376767535205289e-02
2.829868205325625219e-02
4.036119770269297469e-02
2.768612725106844863e-02
2.202052700901757643e-02
2.379141637748016791e-02
2.387141644597789991e-02
3.097765197055579733e-02
3.170361024568946196e-02
2.203365187265737823e-02
2.109224198699366504e-02
2.775101844087335401e-02
3.135680892505909867e-02
2.452861242643711304e-02
2.762186423969092974e-02
2.698926682978153302e-02
2.519938178714031807e-02
2.919747902575975385e-02
2.372488841996356346e-02
2.527114030072596940e-02
2.159721253177093736e-02
2.089229855645891032e-02
2.286671424812403153e-02
2.696620880790734365e-02
1.729316552864157419e-02
2.624411614957367078e-02
1.913749093363281695e-02
2.276393999239390009e-02
1.623775220072654069e-02
2.002872016013346190e-02
1.894994726259324747e-02
1.859536663833072367e-02
1.634868097560959743e-02
1.871062916843935220e-02
1.678234119581711870e-02
1.893090852470058483e-02
1.795389023029103637e-02
2.196669889370195250e-02
1.611618608415865683e-02
2.062063851463213915e-02
1.845818002908483635e-02
1.729026819443146845e-02
1.949377626451109791e-02
2.021334832756216393e-02
1.623578775896883375e-02
1.915380303526981187e-02
1.895703298328466069e-02
1.734421910048666859e-02
1.883259095159173224e-02
1.832996098453087974e-02
1.470271138171841407e-02
1.725221207807781099e-02
1.511131605153670510e-02
1.854826791005792508e-02
1.649641645530874889e-02
1.465354240490435167e-02
1.506918921629107899e-02
1.592897416584615478e-02
1.592708151267796524e-02
1.476171335887954683e-02
1.399798783637340449e-02
1.604327671730132465e-02
1.476542765562915971e-02
1.522320823700196168e-02
1.494980147024915773e-02
1.511383970881685634e-02
1.830255700207994440e-02
1.620094861917897866e-02
1.272184618736993400e-02
1.350749051081634455e-02
1.456479528757070874e-02
1.411625734671029253e-02
1.438732303285339409e-02
1.324506400553016050e-02
1.209231299165514084e-02
1.545269338847354845e-02
1.149753992482127618e-02
9.733421204722980669e-03
1.252583778778215695e-02
1.086276837343214119e-02
1.166461933955709185e-02
1.319849620765933818e-02
1.280627347322660370e-02
1.221565467489893475e-02
1.367272070247216309e-02
1.387140215878324145e-02
1.134604149089279979e-02
1.185090570550195732e-02
1.266628700943717156e-02
1.118572368774672920e-02
1.216062832303621555e-02
1.006943485326294851e-02
8.984625377179034089e-03
9.617150303751764717e-03
9.028195426076246477e-03
1.022787654974666172e-02
1.303750971898998134e-02
1.230267211389057813e-02
1.151118504963055678e-02
1.011356538379337699e-02
1.035210633004801650e-02
1.071349521417985784e-02
9.421391946228707681e-03
1.062157402005181606e-02
9.584586635515757180e-03
8.765880165401584989e-03
1.022673442118582354e-02
9.990609164690411603e-03
9.519856016147465461e-03
9.732374426117296196e-03
9.506353539613265902e-03
9.155911655336468336e-03
9.132354285501853575e-03
8.751903479806144581e-03
9.532415415344663856e-03
9.572120636403780303e-03
9.584310193557099566e-03
9.586723779023698100e-03
1.015810275215101033e-02
7.990820839317791524e-03
9.775616189354074947e-03
1.008479346365243057e-02
9.494908219878750444e-03
9.515202089066199242e-03
8.433483142713527059e-03
8.750468123219001804e-03
9.497876073693456433e-03
9.441436342192410791e-03
7.705211268579370554e-03
1.028559188943722891e-02
9.563462614879947310e-03
8.208878649971218522e-03
9.133722492595475195e-03
1.037867154747973419e-02
9.066838748415961824e-03
8.606594432868042155e-03
7.922120447599212412e-03
8.598084875115263870e-03
8.004576287450548833e-03
8.955871634498180356e-03
9.102963849018763653e-03
8.880974471866975861e-03
8.420837061200225904e-03
8.598659972308686505e-03
8.948269931064567473e-03
9.077532889225303769e-03
8.478707964823861687e-03
8.711492427197931043e-03
9.387824659716770270e-03
8.431101425618647838e-03
8.737814036733460021e-03
8.643749729945304772e-03
8.272260434244116389e-03
6.808080026841856203e-03
8.321325901442078177e-03
8.098857090732769493e-03
8.229332899323038575e-03
9.193251980661565348e-03
7.673183253833260054e-03
8.280670108904986115e-03
6.826070992422827999e-03
7.462257620879264586e-03
7.777905391682105041e-03
7.681195709705157526e-03
8.879582976523026083e-03
7.376977766075709653e-03
8.123924167134810581e-03
8.300690907027119536e-03
6.667488936303755942e-03
7.372817067996306761e-03
7.425989159447254906e-03
7.976964827091315158e-03
8.061742703756813455e-03
8.460231331557155343e-03
8.343960497822933142e-03
7.874384743659090802e-03
7.209392043566631436e-03
6.930662247735752679e-03
7.408562809100516233e-03
7.159464698399786720e-03
7.156519436562702730e-03
8.039540307138937081e-03
7.655992903580099984e-03
6.715810265077393204e-03
7.165277000081737846e-03
6.376205211431562603e-03
7.477964988770180454e-03
8.047880046760269579e-03
8.032768174911275594e-03
7.375274364343709088e-03
7.207968394779107335e-03
7.888152181209973079e-03
7.738346562537912199e-03
7.186269500441766489e-03
7.893367623259317511e-03
8.507730740725527596e-03
7.015380697839246338e-03
7.463517200612557190e-03
7.575227347036195269e-03
7.392863875884336800e-03
7.376749749129052347e-03
7.109432212323740785e-03
7.138647473492576445e-03
6.745752340454047591e-03
7.341040056122016821e-03
7.328678475446159801e-03
7.117818058213765120e-03
7.656936167921513103e-03
6.877154729339807204e-03
7.179144340611287589e-03
6.753108424264686604e-03
7.154724362712472363e-03
7.447853814410487772e-03
7.385692688165024222e-03
7.539396941763198967e-03
7.738363978256557196e-03
6.398015823475100561e-03
7.427513379809624894e-03
6.635419105914364124e-03
7.355025714716134644e-03
7.057167259456598174e-03
6.470548486511296105e-03
6.650303095837473144e-03
6.879296815304636326e-03
6.873943116324610081e-03
6.378081566406512692e-03
7.353345056979265770e-03
6.873558021787573580e-03
6.886766790011988881e-03
6.664083689622679607e-03
6.548199184692293784e-03
7.181823363219708156e-03
6.934634206676948409e-03
6.847586179269837814e-03
7.435549878900715726e-03
7.005762520954084138e-03
6.772943357166161249e-03
6.779328509551207915e-03
6.813978835386924615e-03
7.642160742396875150e-03
6.385678393781679674e-03
6.106403202180921141e-03
7.004935377311616307e-03
6.958449108717013054e-03
6.506555145229797610e-03
6.958149812599900841e-03
7.080788374335234003e-03
6.589520835212581140e-03
7.214465073320908139e-03
6.545101389852647777e-03
6.789409668964685451e-03
6.755926578059123777e-03
6.715545025792080125e-03
6.434050120469825274e-03
6.510346790032484066e-03
6.800248884166415486e-03
6.738671822424158186e-03
7.087079514052851970e-03
7.132914081924068839e-03
6.795838099810880273e-03
6.849553482846770791e-03
6.579281579283779990e-03
6.690662804098357341e-03
6.737964791553308075e-03
7.150295655308780418e-03
6.845823875480050447e-03
6.729632633445392642e-03
6.776211307667479034e-03
6.782493222841523561e-03
6.748440763937546549e-03
6.652830946820897928e-03
7.156880421021916128e-03
6.795078288527767185e-03
6.780781742621089236e-03
6.836496473727748935e-03
6.676737039099656101e-03
7.104745449244775912e-03
6.721259160966219781e-03
7.115845426672096075e-03
6.865531307072236800e-03
6.533227245099859637e-03
6.239041813022927485e-03
6.685180193655937408e-03
6.932164701044185584e-03
6.658286065695961931e-03
6.785860086525929979e-03
6.722659419237997369e-03
6.383717504024666312e-03
6.750717418689711202e-03
6.471792622473104828e-03
6.608869280943507896e-03
6.724767973711687219e-03
6.128003405250326274e-03
6.711869357683752924e-03
6.380943475396527731e-03
6.545147342800428092e-03
6.759791703333184465e-03
6.359886375193468666e-03
6.676975266699747280e-03
6.580958809154657807e-03
6.573974687306138875e-03
6.554612840925289063e-03
6.197855008224784079e-03
6.647739467971369720e-03
6.528233670209160344e-03
6.415784957835901636e-03
6.811434039597052958e-03
6.566466051116770508e-03
6.525155318173103680e-03
6.283653782159781542e-03
6.077810272480332898e-03
6.581601484710430938e-03
6.508774222325541814e-03
6.638525943660100737e-03
6.533390120718407523e-03
6.412205117068858762e-03
6.377425940677028393e-03
6.659042084665278693e-03
6.679069657313574382e-03
6.584494028210152727e-03
6.850143538028596879e-03
6.421712935114620713e-03
6.400211341862749315e-03
6.342898363167925879e-03
6.575617716417014869e-03
6.623679334568977062e-03
6.648635864011209762e-03
6.432604969322630595e-03
6.528532371721462724e-03
6.416146641917697124e-03
6.587842425177514727e-03
6.346089029565682438e-03
6.565909179610640578e-03
6.317732502658435223e-03
6.426576260838090526e-03
6.465111192385242234e-03
6.543886765684070461e-03
6.360319944917924850e-03
6.419579063556613008e-03
6.467941036077951011e-03
6.533462877403750646e-03
6.341222160780701778e-03
6.610956817328705881e-03
6.705189887970197660e-03
6.257553656037417866e-03
6.281865423873767007e-03
6.327001330773240895e-03
6.445833176550896937e-03
6.437685918510127614e-03
6.478733238150402585e-03
6.400371508711977242e-03
6.759783685733489200e-03
6.367781193076460511e-03
6.634512826431127053e-03
6.508597953074124476e-03
6.228846701717527523e-03
6.475508371002858254e-03
6.418029761859012083e-03
6.384716660029932100e-03
6.255343399864776721e-03
6.565501246065585939e-03
6.611809136977120360e-03
6.370342370334514115e-03
6.293307030194705831e-03
6.471397477815221677e-03
6.295995634629569793e-03
6.580975399620436761e-03
6.441189493083698814e-03
6.542609258865406119e-03
6.474519279180745990e-03
6.462149288078533615e-03
6.338053812507071783e-03
6.476687773727562991e-03
6.478751508226077149e-03
6.337587443793646358e-03
6.241207700897200006e-03
6.318603825090085557e-03
6.413631128548757943e-03
6.538807893697873297e-03
6.390716618412617400e-03
6.497769262886476938e-03
6.581397348679240977e-03
6.363157915887596161e-03
6.409336232708562342e-03
6.515933462765133299e-03
6.488380309832009196e-03
6.254645580578199748e-03
6.377409420317725619e-03
6.545788725727086366e-03
6.217933901085714865e-03
6.398819906019426185e-03
6.362126795748324071e-03
6.414447954086632819e-03
6.285758174227495942e-03
6.410063374691632454e-03
6.378444305303432316e-03
6.325026403625644278e-03
6.601302648403306605e-03
6.419219995236757903e-03
6.313016711430585737e-03
6.331847790483791094e-03
6.376157100189905336e-03
6.345827211439725168e-03
6.413342751481865278e-03
6.581084658174640722e-03
6.238850849350163763e-03
6.360148386649000507e-03
6.419773475292545051e-03
6.300754178825029861e-03
6.467457075280291789e-03
6.526021110791591084e-03
6.287025602434548333e-03
6.258217786042630237e-03
6.344853058099508836e-03
6.437527780779328523e-03
6.362683132824065169e-03
6.441836006008783144e-03
6.306219335414531280e-03
6.263813905934889625e-03
6.287109327097750722e-03
6.204227264535289166e-03
6.454642576175118052e-03
6.326877121293428274e-03
6.352372011756202141e-03
