1.000000000000000000e+00
1.010000000000000009e+00
1.030000000000000027e+00
1.040000000000000036e+00
1.060000000000000053e+00
1.070000000000000062e+00
1.090000000000000080e+00
1.100000000000000089e+00
1.120000000000000107e+00
1.130000000000000115e+00
1.150000000000000133e+00
1.159999999999999920e+00
1.179999999999999938e+00
1.199999999999999956e+00
1.209999999999999964e+00
1.229999999999999982e+00
1.250000000000000000e+00
1.270000000000000018e+00
1.280000000000000027e+00
1.300000000000000044e+00
1.320000000000000062e+00
1.340000000000000080e+00
1.360000000000000098e+00
1.370000000000000107e+00
1.390000000000000124e+00
1.409999999999999920e+00
1.429999999999999938e+00
1.449999999999999956e+00
1.469999999999999973e+00
1.489999999999999991e+00
1.510000000000000009e+00
1.540000000000000036e+00
1.560000000000000053e+00
1.580000000000000071e+00
1.600000000000000089e+00
1.620000000000000107e+00
1.650000000000000133e+00
1.669999999999999929e+00
1.689999999999999947e+00
1.719999999999999973e+00
1.739999999999999991e+00
1.760000000000000009e+00
1.790000000000000036e+00
1.810000000000000053e+00
1.840000000000000080e+00
1.860000000000000098e+00
1.890000000000000124e+00
1.919999999999999929e+00
1.939999999999999947e+00
1.969999999999999973e+00
2.000000000000000000e+00
2.030000000000000249e+00
2.049999999999999822e+00
2.080000000000000071e+00
2.109999999999999876e+00
2.140000000000000124e+00
2.169999999999999929e+00
2.200000000000000178e+00
2.229999999999999982e+00
2.260000000000000231e+00
2.290000000000000036e+00
2.330000000000000071e+00
2.359999999999999876e+00
2.390000000000000124e+00
2.430000000000000160e+00
2.459999999999999964e+00
2.490000000000000213e+00
2.530000000000000249e+00
2.560000000000000053e+00
2.600000000000000089e+00
2.640000000000000124e+00
2.669999999999999929e+00
2.709999999999999964e+00
2.750000000000000000e+00
2.790000000000000036e+00
2.819999999999999840e+00
2.859999999999999876e+00
2.899999999999999911e+00
2.939999999999999947e+00
2.990000000000000213e+00
3.030000000000000249e+00
3.070000000000000284e+00
3.109999999999999876e+00
3.149999999999999911e+00
3.200000000000000178e+00
3.240000000000000213e+00
3.290000000000000036e+00
3.330000000000000071e+00
3.379999999999999893e+00
3.430000000000000160e+00
3.479999999999999982e+00
3.520000000000000018e+00
3.570000000000000284e+00
3.620000000000000107e+00
3.669999999999999929e+00
3.729999999999999982e+00
3.780000000000000249e+00
3.830000000000000071e+00
3.879999999999999893e+00
3.939999999999999947e+00
3.990000000000000213e+00
4.049999999999999822e+00
4.099999999999999645e+00
4.160000000000000142e+00
4.219999999999999751e+00
4.280000000000000249e+00
4.339999999999999858e+00
4.400000000000000355e+00
4.459999999999999964e+00
4.520000000000000462e+00
4.580000000000000071e+00
4.650000000000000355e+00
4.709999999999999964e+00
4.780000000000000249e+00
4.850000000000000533e+00
4.910000000000000142e+00
4.980000000000000426e+00
5.049999999999999822e+00
5.120000000000000107e+00
5.190000000000000391e+00
5.270000000000000462e+00
5.339999999999999858e+00
5.410000000000000142e+00
5.490000000000000213e+00
5.570000000000000284e+00
5.639999999999999680e+00
5.719999999999999751e+00
5.799999999999999822e+00
5.879999999999999893e+00
5.959999999999999964e+00
6.049999999999999822e+00
6.129999999999999893e+00
6.219999999999999751e+00
6.299999999999999822e+00
6.390000000000000568e+00
6.480000000000000426e+00
6.570000000000000284e+00
6.660000000000000142e+00
6.759999999999999787e+00
6.850000000000000533e+00
6.950000000000000178e+00
7.040000000000000036e+00
7.140000000000000568e+00
7.240000000000000213e+00
7.339999999999999858e+00
7.440000000000000391e+00
7.549999999999999822e+00
7.650000000000000355e+00
7.759999999999999787e+00
7.870000000000000107e+00
7.980000000000000426e+00
8.089999999999999858e+00
8.199999999999999289e+00
8.310000000000000497e+00
8.429999999999999716e+00
8.550000000000000711e+00
8.669999999999999929e+00
8.790000000000000924e+00
8.910000000000000142e+00
9.029999999999999361e+00
9.160000000000000142e+00
9.290000000000000924e+00
9.419999999999999929e+00
9.550000000000000711e+00
9.679999999999999716e+00
9.820000000000000284e+00
9.950000000000001066e+00
1.008999999999999986e+01
1.023000000000000043e+01
1.038000000000000078e+01
1.051999999999999957e+01
1.066999999999999993e+01
1.082000000000000028e+01
1.097000000000000064e+01
1.112000000000000099e+01
1.126999999999999957e+01
1.142999999999999972e+01
1.158999999999999986e+01
1.175000000000000000e+01
1.191999999999999993e+01
1.208000000000000007e+01
1.225000000000000000e+01
1.241999999999999993e+01
1.259999999999999964e+01
1.276999999999999957e+01
1.295000000000000107e+01
1.313000000000000078e+01
1.331000000000000050e+01
1.350000000000000000e+01
1.368999999999999950e+01
1.388000000000000078e+01
1.407000000000000028e+01
1.426999999999999957e+01
1.447000000000000064e+01
1.466999999999999993e+01
1.487000000000000099e+01
1.508000000000000007e+01
1.529000000000000092e+01
1.550000000000000000e+01
1.572000000000000064e+01
1.593999999999999950e+01
1.616000000000000014e+01
1.637999999999999901e+01
1.660999999999999943e+01
1.683999999999999986e+01
1.708000000000000185e+01
1.732000000000000028e+01
1.755999999999999872e+01
1.780000000000000071e+01
1.805000000000000071e+01
1.830000000000000071e+01
1.855999999999999872e+01
1.882000000000000028e+01
1.908000000000000185e+01
1.935000000000000142e+01
1.960999999999999943e+01
1.989000000000000057e+01
2.017000000000000171e+01
2.044999999999999929e+01
2.073000000000000043e+01
2.101999999999999957e+01
2.130999999999999872e+01
2.160999999999999943e+01
2.191000000000000014e+01
2.221999999999999886e+01
2.253000000000000114e+01
2.283999999999999986e+01
2.316000000000000014e+01
2.348000000000000043e+01
2.380999999999999872e+01
2.414000000000000057e+01
2.448000000000000043e+01
2.482000000000000028e+01
2.517000000000000171e+01
2.551999999999999957e+01
2.587000000000000099e+01
2.623000000000000043e+01
2.660000000000000142e+01
2.696999999999999886e+01
2.733999999999999986e+01
2.773000000000000043e+01
2.810999999999999943e+01
2.850000000000000000e+01
2.890000000000000213e+01
2.930000000000000071e+01
2.971000000000000085e+01
3.012999999999999901e+01
3.055000000000000071e+01
3.097000000000000242e+01
3.140000000000000213e+01
3.183999999999999986e+01
3.228999999999999915e+01
3.274000000000000199e+01
3.318999999999999773e+01
3.366000000000000369e+01
3.411999999999999744e+01
3.460000000000000142e+01
3.507999999999999829e+01
3.557000000000000028e+01
3.607000000000000028e+01
3.657000000000000028e+01
3.707999999999999829e+01
3.760000000000000142e+01
3.811999999999999744e+01
3.864999999999999858e+01
3.918999999999999773e+01
3.974000000000000199e+01
4.028999999999999915e+01
4.085000000000000142e+01
4.142000000000000171e+01
4.200000000000000000e+01
4.259000000000000341e+01
4.317999999999999972e+01
4.378000000000000114e+01
4.439000000000000057e+01
4.500999999999999801e+01
4.564000000000000057e+01
4.627000000000000313e+01
4.692000000000000171e+01
4.757000000000000028e+01
4.824000000000000199e+01
4.891000000000000369e+01
4.959000000000000341e+01
5.028000000000000114e+01
5.098000000000000398e+01
5.168999999999999773e+01
5.241000000000000369e+01
5.314000000000000057e+01
5.388000000000000256e+01
5.464000000000000057e+01
5.539999999999999858e+01
5.617000000000000171e+01
5.695000000000000284e+01
5.775000000000000000e+01
5.855000000000000426e+01
5.937000000000000455e+01
6.018999999999999773e+01
6.103000000000000114e+01
6.188000000000000256e+01
6.275000000000000000e+01
6.362000000000000455e+01
6.451000000000000512e+01
6.540999999999999659e+01
6.632000000000000739e+01
6.723999999999999488e+01
6.818000000000000682e+01
6.912999999999999545e+01
7.010000000000000853e+01
7.107000000000000739e+01
7.206000000000000227e+01
7.307000000000000739e+01
7.409000000000000341e+01
7.512000000000000455e+01
7.617000000000000171e+01
7.723000000000000398e+01
7.829999999999999716e+01
7.940000000000000568e+01
8.050000000000000000e+01
8.162999999999999545e+01
8.276000000000000512e+01
8.392000000000000171e+01
8.509000000000000341e+01
8.626999999999999602e+01
8.746999999999999886e+01
8.868999999999999773e+01
8.993000000000000682e+01
9.118000000000000682e+01
9.246000000000000796e+01
9.373999999999999488e+01
9.504999999999999716e+01
9.637999999999999545e+01
9.771999999999999886e+01
9.907999999999999829e+01
1.004600000000000080e+02
1.018599999999999994e+02
1.032800000000000011e+02
1.047199999999999989e+02
1.061800000000000068e+02
1.076599999999999966e+02
1.091599999999999966e+02
1.106800000000000068e+02
1.122300000000000040e+02
1.137900000000000063e+02
1.153799999999999955e+02
1.169900000000000091e+02
1.186200000000000045e+02
1.202699999999999960e+02
1.219500000000000028e+02
1.236500000000000057e+02
1.253700000000000045e+02
1.271200000000000045e+02
1.288900000000000148e+02
1.306899999999999977e+02
1.325099999999999909e+02
1.343600000000000136e+02
1.362299999999999898e+02
1.381299999999999955e+02
1.400500000000000114e+02
1.420099999999999909e+02
1.439799999999999898e+02
1.459900000000000091e+02
1.480300000000000011e+02
1.500900000000000034e+02
1.521800000000000068e+02
1.543000000000000114e+02
1.564500000000000171e+02
1.586400000000000148e+02
1.608499999999999943e+02
1.630900000000000034e+02
1.653600000000000136e+02
1.676700000000000159e+02
1.700000000000000000e+02
1.723700000000000045e+02
1.747800000000000011e+02
1.772100000000000080e+02
1.796800000000000068e+02
1.821899999999999977e+02
1.847299999999999898e+02
1.873000000000000114e+02
1.899099999999999966e+02
1.925600000000000023e+02
1.952500000000000000e+02
1.979699999999999989e+02
2.007300000000000182e+02
2.035200000000000102e+02
2.063600000000000136e+02
2.092400000000000091e+02
2.121599999999999966e+02
2.151100000000000136e+02
2.181100000000000136e+02
2.211500000000000057e+02
2.242300000000000182e+02
2.273600000000000136e+02
2.305300000000000011e+02
2.337400000000000091e+02
2.370000000000000000e+02
2.403000000000000114e+02
2.436500000000000057e+02
2.470500000000000114e+02
2.504900000000000091e+02
2.539900000000000091e+02
2.575300000000000296e+02
2.611200000000000045e+02
2.647599999999999909e+02
2.684499999999999886e+02
2.721899999999999977e+02
2.759800000000000182e+02
2.798299999999999841e+02
2.837300000000000182e+02
2.876899999999999977e+02
2.916999999999999886e+02
2.957599999999999909e+02
2.998799999999999955e+02
3.040600000000000023e+02
3.083000000000000114e+02
3.126000000000000227e+02
3.169599999999999795e+02
3.213799999999999955e+02
3.258600000000000136e+02
3.304000000000000341e+02
3.350000000000000000e+02
3.396700000000000159e+02
3.444100000000000250e+02
3.492099999999999795e+02
3.540799999999999841e+02
3.590099999999999909e+02
3.640199999999999818e+02
3.690900000000000318e+02
3.742400000000000091e+02
3.794499999999999886e+02
3.847400000000000091e+02
3.901100000000000136e+02
3.955400000000000205e+02
4.010600000000000023e+02
4.066500000000000341e+02
4.123199999999999932e+02
4.180600000000000023e+02
4.238899999999999864e+02
4.298000000000000114e+02
4.357900000000000205e+02
4.418700000000000045e+02
4.480300000000000296e+02
4.542699999999999818e+02
4.606000000000000227e+02
4.670199999999999818e+02
4.735300000000000296e+02
4.801299999999999955e+02
4.868299999999999841e+02
4.936100000000000136e+02
5.004900000000000091e+02
5.074700000000000273e+02
5.145399999999999636e+02
5.217200000000000273e+02
5.289900000000000091e+02
5.363600000000000136e+02
5.438400000000000318e+02
5.514199999999999591e+02
5.591100000000000136e+02
5.668999999999999773e+02
5.748000000000000682e+02
5.828200000000000500e+02
5.909400000000000546e+02
5.991800000000000637e+02
6.075299999999999727e+02
6.160000000000000000e+02
6.245800000000000409e+02
6.332899999999999636e+02
6.421200000000000045e+02
6.510700000000000500e+02
6.601399999999999864e+02
6.693500000000000227e+02
6.786800000000000637e+02
6.881399999999999864e+02
6.977300000000000182e+02
7.074600000000000364e+02
7.173200000000000500e+02
7.273200000000000500e+02
7.374500000000000455e+02
7.477300000000000182e+02
7.581599999999999682e+02
7.687300000000000182e+02
7.794400000000000546e+02
7.903100000000000591e+02
8.013200000000000500e+02
8.124900000000000091e+02
8.238200000000000500e+02
8.353000000000000682e+02
8.469500000000000455e+02
8.587500000000000000e+02
8.707200000000000273e+02
8.828600000000000136e+02
8.951700000000000728e+02
9.076399999999999864e+02
9.203000000000000682e+02
9.331299999999999955e+02
9.461299999999999955e+02
9.593200000000000500e+02
9.726900000000000546e+02
9.862500000000000000e+02
1.000000000000000000e+03
